datetime,temp,humidity,precip,precipcover,windspeed,winddir,cloudcover,solarradiation,conditions,sealevelpressure,sunrise,sunset
2015-01-01,17.7,63.8,0.0,0.0,13.0,78.3,0.4,197.4,Clear,1023.4,2015-01-01T06:33:34,2015-01-01T17:26:18
2015-01-02,16.3,65.6,0.0,0.0,13.9,99.8,28.3,187.6,Partially cloudy,1022.7,2015-01-02T06:33:53,2015-01-02T17:26:56
2015-01-03,17.0,75.6,0.0,0.0,13.0,97.0,42.0,115.5,Partially cloudy,1020.0,2015-01-03T06:34:11,2015-01-03T17:27:34
2015-01-04,19.3,82.0,0.6,25.0,17.2,98.7,88.0,64.3,"Rain, Partially cloudy",1013.5,2015-01-04T06:34:28,2015-01-04T17:28:12
2015-01-05,20.4,88.4,0.0,0.0,13.0,85.7,90.6,93.7,Overcast,1011.2,2015-01-05T06:34:44,2015-01-05T17:28:51
2015-01-06,21.7,88.2,0.297,4.17,10.3,85.5,89.6,41.7,"Rain, Partially cloudy",1013.2,2015-01-06T06:34:59,2015-01-06T17:29:30
2015-01-07,18.9,77.1,0.688,8.33,25.0,33.4,91.7,25.5,"Rain, Overcast",1018.7,2015-01-07T06:35:12,2015-01-07T17:30:09
2015-01-08,15.9,71.4,0.098,4.17,15.7,358.2,82.2,33.1,"Rain, Partially cloudy",1024.1,2015-01-08T06:35:24,2015-01-08T17:30:49
2015-01-09,14.3,76.2,0.098,4.17,16.6,355.3,82.2,30.0,"Rain, Partially cloudy",1024.6,2015-01-09T06:35:35,2015-01-09T17:31:29
2015-01-10,12.0,92.3,7.879,16.67,14.8,351.7,91.9,13.4,"Rain, Overcast",1024.7,2015-01-10T06:35:45,2015-01-10T17:32:09
2015-01-11,13.0,87.7,15.07,16.67,10.3,334.4,91.1,19.6,"Rain, Overcast",1023.5,2015-01-11T06:35:53,2015-01-11T17:32:50
2015-01-12,15.2,75.6,2.0,4.17,14.8,3.2,56.3,99.6,"Rain, Partially cloudy",1023.2,2015-01-12T06:36:00,2015-01-12T17:33:30
2015-01-13,14.6,72.1,0.0,0.0,11.2,337.8,9.8,209.6,Clear,1023.1,2015-01-13T06:36:06,2015-01-13T17:34:11
2015-01-14,14.5,74.5,0.0,0.0,15.7,31.8,31.7,194.9,Partially cloudy,1023.4,2015-01-14T06:36:10,2015-01-14T17:34:52
2015-01-15,15.1,74.4,0.0,0.0,13.9,98.8,7.0,173.9,Clear,1021.9,2015-01-15T06:36:14,2015-01-15T17:35:32
2015-01-16,15.8,74.7,0.0,0.0,13.0,335.0,10.2,190.9,Clear,1022.9,2015-01-16T06:36:15,2015-01-16T17:36:13
2015-01-17,16.6,69.1,0.0,0.0,13.9,33.7,7.2,198.5,Clear,1023.0,2015-01-17T06:36:16,2015-01-17T17:36:54
2015-01-18,17.7,66.2,0.0,0.0,13.0,40.9,21.1,176.2,Partially cloudy,1022.9,2015-01-18T06:36:15,2015-01-18T17:37:35
2015-01-19,17.9,66.0,0.0,0.0,18.5,31.2,23.0,156.3,Partially cloudy,1022.1,2015-01-19T06:36:13,2015-01-19T17:38:15
2015-01-20,17.3,73.8,0.0,0.0,10.3,109.7,14.8,196.2,Clear,1020.1,2015-01-20T06:36:09,2015-01-20T17:38:56
2015-01-21,18.0,77.8,0.0,0.0,11.2,291.7,15.2,135.2,Clear,1022.1,2015-01-21T06:36:05,2015-01-21T17:39:36
2015-01-22,18.7,76.3,0.0,0.0,18.4,115.9,0.2,175.8,Clear,1020.0,2015-01-22T06:35:58,2015-01-22T17:40:16
2015-01-23,19.6,78.8,0.2,8.33,22.3,110.6,15.0,104.3,Rain,1015.7,2015-01-23T06:35:51,2015-01-23T17:40:56
2015-01-24,21.1,78.7,0.0,0.0,26.8,115.4,20.0,164.8,Clear,1014.0,2015-01-24T06:35:42,2015-01-24T17:41:36
2015-01-25,21.7,80.3,0.098,4.17,24.1,110.8,79.8,97.0,"Rain, Partially cloudy",1015.6,2015-01-25T06:35:32,2015-01-25T17:42:15
2015-01-26,21.5,77.3,0.9,33.33,19.4,112.3,65.7,77.6,"Rain, Partially cloudy",1015.9,2015-01-26T06:35:21,2015-01-26T17:42:54
2015-01-27,21.4,80.4,1.8,45.83,23.2,112.0,79.9,75.4,"Rain, Partially cloudy",1014.4,2015-01-27T06:35:08,2015-01-27T17:43:33
2015-01-28,21.9,80.6,0.2,8.33,25.9,119.1,82.8,108.1,"Rain, Partially cloudy",1013.4,2015-01-28T06:34:54,2015-01-28T17:44:12
2015-01-29,22.2,80.3,0.3,12.5,26.8,112.4,89.6,93.9,"Rain, Partially cloudy",1015.4,2015-01-29T06:34:38,2015-01-29T17:44:50
2015-01-30,18.7,83.9,0.098,4.17,26.8,76.0,91.9,36.3,"Rain, Overcast",1018.9,2015-01-30T06:34:22,2015-01-30T17:45:28
2015-01-31,13.6,87.7,0.589,8.33,25.0,37.2,91.9,36.3,"Rain, Overcast",1023.2,2015-01-31T06:34:04,2015-01-31T17:46:06
2015-02-01,12.8,82.8,0.491,8.33,16.6,14.2,91.5,52.2,"Rain, Overcast",1024.8,2015-02-01T06:33:45,2015-02-01T17:46:43
2015-02-02,14.3,83.7,0.1,4.17,10.3,351.5,91.4,55.5,"Rain, Overcast",1024.3,2015-02-02T06:33:24,2015-02-02T17:47:19
2015-02-03,16.5,86.5,0.1,4.17,9.6,17.7,91.9,62.5,"Rain, Overcast",1023.2,2015-02-03T06:33:02,2015-02-03T17:47:56
2015-02-04,14.9,91.6,4.537,16.67,25.0,36.8,92.3,23.6,"Rain, Overcast",1022.8,2015-02-04T06:32:40,2015-02-04T17:48:32
2015-02-05,12.7,76.6,0.619,8.33,22.3,0.7,80.4,27.9,"Rain, Partially cloudy",1025.5,2015-02-05T06:32:16,2015-02-05T17:49:07
2015-02-06,13.7,59.6,0.0,0.0,14.8,6.2,29.1,96.9,Partially cloudy,1024.1,2015-02-06T06:31:50,2015-02-06T17:49:42
2015-02-07,13.9,78.2,0.3,8.33,11.2,0.4,72.4,92.3,"Rain, Partially cloudy",1021.4,2015-02-07T06:31:24,2015-02-07T17:50:16
2015-02-08,15.6,66.7,0.984,4.17,16.6,340.2,28.5,87.0,"Rain, Partially cloudy",1023.7,2015-02-08T06:30:56,2015-02-08T17:50:50
2015-02-09,15.6,71.2,0.0,0.0,8.5,5.0,50.9,76.4,Partially cloudy,1023.0,2015-02-09T06:30:28,2015-02-09T17:51:24
2015-02-10,16.0,81.8,0.0,0.0,15.7,44.1,49.1,81.9,Partially cloudy,1019.2,2015-02-10T06:29:58,2015-02-10T17:51:57
2015-02-11,15.6,87.0,2.853,8.33,17.6,9.4,91.9,31.9,"Rain, Overcast",1018.4,2015-02-11T06:29:27,2015-02-11T17:52:30
2015-02-12,18.0,69.4,0.0,0.0,13.0,66.8,42.9,144.5,Partially cloudy,1017.9,2015-02-12T06:28:55,2015-02-12T17:53:02
2015-02-13,17.7,80.8,0.4,12.5,13.9,66.1,56.5,55.0,"Rain, Partially cloudy",1015.3,2015-02-13T06:28:22,2015-02-13T17:53:33
2015-02-14,17.1,96.2,8.664,12.5,9.4,298.5,92.9,27.6,"Rain, Overcast",1013.1,2015-02-14T06:27:48,2015-02-14T17:54:04
2015-02-15,20.0,88.2,1.082,8.33,13.0,136.4,92.7,114.7,"Rain, Overcast",1014.6,2015-02-15T06:27:13,2015-02-15T17:54:35
2015-02-16,21.5,82.6,0.1,4.17,17.5,115.3,66.4,114.5,"Rain, Partially cloudy",1015.8,2015-02-16T06:26:37,2015-02-16T17:55:05
2015-02-17,20.6,85.5,0.1,4.17,15.7,98.6,34.5,97.9,"Rain, Partially cloudy",1014.8,2015-02-17T06:26:00,2015-02-17T17:55:35
2015-02-18,21.0,85.5,0.2,8.33,20.5,108.0,66.5,71.9,"Rain, Partially cloudy",1015.4,2015-02-18T06:25:22,2015-02-18T17:56:04
2015-02-19,21.4,90.2,0.688,8.33,25.0,114.9,85.6,139.9,"Rain, Partially cloudy",1015.5,2015-02-19T06:24:43,2015-02-19T17:56:32
2015-02-20,22.6,85.4,0.01,4.17,27.7,111.0,87.8,122.2,"Rain, Partially cloudy",1013.7,2015-02-20T06:24:03,2015-02-20T17:57:00
2015-02-21,23.6,82.7,0.2,8.33,21.4,112.6,88.6,147.5,"Rain, Partially cloudy",1011.8,2015-02-21T06:23:23,2015-02-21T17:57:28
2015-02-22,23.3,89.1,0.102,4.17,18.4,110.6,80.3,126.9,"Rain, Partially cloudy",1012.5,2015-02-22T06:22:41,2015-02-22T17:57:55
2015-02-23,23.7,84.2,0.005,4.17,22.3,108.9,82.1,138.8,"Rain, Partially cloudy",1011.2,2015-02-23T06:21:59,2015-02-23T17:58:22
2015-02-24,24.3,78.1,0.002,4.17,25.0,118.4,79.9,201.4,"Rain, Partially cloudy",1009.7,2015-02-24T06:21:16,2015-02-24T17:58:48
2015-02-25,24.7,76.0,0.2,8.33,25.9,117.4,69.0,217.7,"Rain, Partially cloudy",1008.4,2015-02-25T06:20:32,2015-02-25T17:59:14
2015-02-26,24.8,79.9,0.003,4.17,25.9,116.3,84.0,199.1,"Rain, Partially cloudy",1009.1,2015-02-26T06:19:48,2015-02-26T17:59:40
2015-02-27,24.5,84.2,0.005,4.17,28.6,112.6,90.0,217.8,"Rain, Partially cloudy",1009.7,2015-02-27T06:19:02,2015-02-27T18:00:05
2015-02-28,25.1,81.8,0.098,4.17,22.3,119.6,90.1,175.3,"Rain, Overcast",1012.3,2015-02-28T06:18:16,2015-02-28T18:00:29
2015-03-01,21.1,80.1,3.737,12.5,29.7,66.2,91.8,51.1,"Rain, Overcast",1017.3,2015-03-01T06:17:30,2015-03-01T18:00:53
2015-03-02,18.6,92.0,0.303,8.33,22.3,120.0,91.8,78.3,"Rain, Overcast",1012.9,2015-03-02T06:16:43,2015-03-02T18:01:17
2015-03-03,21.9,77.2,1.7,33.33,25.9,40.5,88.4,79.4,"Rain, Partially cloudy",1009.3,2015-03-03T06:15:55,2015-03-03T18:01:40
2015-03-04,19.4,78.4,0.196,8.33,14.9,69.7,91.9,68.9,"Rain, Overcast",1011.8,2015-03-04T06:15:06,2015-03-04T18:02:03
2015-03-05,19.5,94.8,0.402,8.33,11.2,51.2,91.9,65.0,"Rain, Overcast",1012.0,2015-03-05T06:14:17,2015-03-05T18:02:26
2015-03-06,18.3,94.9,1.185,8.33,22.3,33.6,92.6,41.6,"Rain, Overcast",1013.4,2015-03-06T06:13:28,2015-03-06T18:02:48
2015-03-07,16.2,93.7,1.024,8.33,15.7,42.4,91.9,45.6,"Rain, Overcast",1015.0,2015-03-07T06:12:38,2015-03-07T18:03:10
2015-03-08,18.4,95.2,0.703,8.33,9.4,13.0,91.9,64.6,"Rain, Overcast",1014.4,2015-03-08T06:11:48,2015-03-08T18:03:32
2015-03-09,20.3,96.5,2.329,12.5,11.2,37.2,91.9,42.9,"Rain, Overcast",1016.1,2015-03-09T06:10:57,2015-03-09T18:03:53
2015-03-10,19.6,94.3,4.982,12.5,16.6,42.1,91.9,43.0,"Rain, Overcast",1017.1,2015-03-10T06:10:05,2015-03-10T18:04:14
2015-03-11,17.9,93.5,5.891,12.5,23.2,39.7,90.2,43.1,"Rain, Overcast",1018.6,2015-03-11T06:09:14,2015-03-11T18:04:34
2015-03-12,16.0,87.6,2.105,8.33,17.5,32.3,91.9,40.1,"Rain, Overcast",1019.2,2015-03-12T06:08:22,2015-03-12T18:04:55
2015-03-13,17.2,93.7,0.494,8.33,10.3,33.0,91.9,90.6,"Rain, Overcast",1015.0,2015-03-13T06:07:29,2015-03-13T18:05:15
2015-03-14,19.7,92.9,2.074,12.5,13.0,297.0,91.8,82.3,"Rain, Overcast",1013.8,2015-03-14T06:06:37,2015-03-14T18:05:35
2015-03-15,22.6,90.9,0.405,8.33,14.8,107.5,91.9,173.4,"Rain, Overcast",1011.8,2015-03-15T06:05:44,2015-03-15T18:05:55
2015-03-16,24.4,89.0,0.011,8.33,22.3,104.1,91.2,188.4,"Rain, Overcast",1010.5,2015-03-16T06:04:50,2015-03-16T18:06:14
2015-03-17,25.3,85.5,0.1,4.17,21.4,99.9,86.4,239.8,"Rain, Partially cloudy",1006.4,2015-03-17T06:03:57,2015-03-17T18:06:33
2015-03-18,26.2,82.3,0.0,0.0,22.3,99.4,72.6,244.5,Partially cloudy,1006.1,2015-03-18T06:03:03,2015-03-18T18:06:53
2015-03-19,26.1,82.7,0.0,0.0,20.3,107.4,74.2,200.2,Partially cloudy,1009.0,2015-03-19T06:02:09,2015-03-19T18:07:12
2015-03-20,24.6,88.8,0.196,8.33,16.7,113.4,87.9,101.4,"Rain, Partially cloudy",1012.3,2015-03-20T06:01:15,2015-03-20T18:07:30
2015-03-21,24.5,84.1,1.7,33.33,16.6,107.4,67.8,117.2,"Rain, Partially cloudy",1015.8,2015-03-21T06:00:21,2015-03-21T18:07:49
2015-03-22,23.4,83.5,4.913,4.17,23.2,113.1,61.9,170.7,"Rain, Partially cloudy",1015.2,2015-03-22T05:59:27,2015-03-22T18:08:08
2015-03-23,23.0,87.4,1.277,4.17,15.7,81.7,85.4,121.0,"Rain, Partially cloudy",1015.6,2015-03-23T05:58:32,2015-03-23T18:08:26
2015-03-24,20.2,92.4,20.97,16.67,20.3,24.6,90.0,30.3,"Rain, Partially cloudy",1019.6,2015-03-24T05:57:38,2015-03-24T18:08:44
2015-03-25,19.7,87.1,6.047,12.5,13.0,326.0,91.9,51.2,"Rain, Overcast",1022.0,2015-03-25T05:56:44,2015-03-25T18:09:03
2015-03-26,20.4,89.6,3.361,12.5,10.6,297.9,90.4,46.7,"Rain, Overcast",1022.0,2015-03-26T05:55:49,2015-03-26T18:09:21
2015-03-27,22.0,87.9,0.108,8.33,11.2,97.5,84.5,77.6,"Rain, Partially cloudy",1020.5,2015-03-27T05:54:55,2015-03-27T18:09:39
2015-03-28,23.2,83.6,0.3,12.5,21.4,115.3,70.4,176.4,"Rain, Partially cloudy",1016.3,2015-03-28T05:54:01,2015-03-28T18:09:57
2015-03-29,24.6,81.9,0.002,4.17,21.2,121.3,90.4,158.2,"Rain, Overcast",1013.0,2015-03-29T05:53:06,2015-03-29T18:10:15
2015-03-30,25.8,80.6,0.1,4.17,25.9,124.0,84.8,154.8,"Rain, Partially cloudy",1010.6,2015-03-30T05:52:12,2015-03-30T18:10:33
2015-03-31,26.5,81.0,0.1,4.17,25.9,111.5,83.8,241.3,"Rain, Partially cloudy",1008.7,2015-03-31T05:51:18,2015-03-31T18:10:51
2015-04-01,26.7,83.5,0.0,0.0,25.9,104.8,82.9,254.9,Partially cloudy,1006.4,2015-04-01T05:50:24,2015-04-01T18:11:09
2015-04-02,27.8,80.7,0.0,0.0,24.1,91.0,57.1,272.6,Partially cloudy,1003.0,2015-04-02T05:49:31,2015-04-02T18:11:27
2015-04-03,28.0,78.7,0.1,4.17,20.3,88.7,17.4,281.5,Rain,1001.0,2015-04-03T05:48:37,2015-04-03T18:11:46
2015-04-04,27.9,80.5,0.0,0.0,25.9,94.9,22.7,282.3,Partially cloudy,1003.0,2015-04-04T05:47:44,2015-04-04T18:12:04
2015-04-05,27.6,80.2,0.0,0.0,24.1,112.4,67.7,270.7,Partially cloudy,1007.1,2015-04-05T05:46:51,2015-04-05T18:12:22
2015-04-06,25.8,86.9,0.098,4.17,17.5,108.7,87.1,141.0,"Rain, Partially cloudy",1009.3,2015-04-06T05:45:58,2015-04-06T18:12:41
2015-04-07,25.0,87.8,0.821,4.17,22.3,92.0,91.2,94.9,"Rain, Overcast",1012.2,2015-04-07T05:45:06,2015-04-07T18:12:59
2015-04-08,19.5,75.4,6.424,12.5,25.9,25.4,91.9,47.9,"Rain, Overcast",1017.0,2015-04-08T05:44:14,2015-04-08T18:13:18
2015-04-09,18.0,87.8,0.2,8.33,18.4,36.9,92.4,104.3,"Rain, Overcast",1016.3,2015-04-09T05:43:22,2015-04-09T18:13:36
2015-04-10,17.4,86.5,3.891,16.67,16.7,355.3,91.9,55.1,"Rain, Overcast",1018.1,2015-04-10T05:42:30,2015-04-10T18:13:55
2015-04-11,20.1,79.1,0.1,4.17,12.1,315.9,74.9,85.1,"Rain, Partially cloudy",1018.5,2015-04-11T05:41:39,2015-04-11T18:14:14
2015-04-12,23.3,69.3,0.0,0.0,15.7,289.7,33.0,229.5,Partially cloudy,1020.5,2015-04-12T05:40:49,2015-04-12T18:14:33
2015-04-13,23.8,62.9,0.0,0.0,18.5,188.4,3.4,308.3,Clear,1019.6,2015-04-13T05:39:59,2015-04-13T18:14:52
2015-04-14,23.4,60.1,0.0,0.0,23.2,116.9,6.5,315.8,Clear,1016.9,2015-04-14T05:39:09,2015-04-14T18:15:12
2015-04-15,24.0,70.3,0.0,0.0,24.1,115.4,34.0,297.3,Partially cloudy,1013.5,2015-04-15T05:38:20,2015-04-15T18:15:31
2015-04-16,23.9,79.6,0.0,0.0,21.4,95.0,71.7,175.9,Partially cloudy,1013.6,2015-04-16T05:37:31,2015-04-16T18:15:51
2015-04-17,25.4,79.4,0.0,0.0,23.2,122.8,78.2,241.2,Partially cloudy,1007.5,2015-04-17T05:36:43,2015-04-17T18:16:11
2015-04-18,27.4,81.3,0.0,0.0,20.5,107.2,86.0,276.1,Partially cloudy,1005.0,2015-04-18T05:35:55,2015-04-18T18:16:31
2015-04-19,28.6,81.0,0.0,0.0,19.4,78.3,55.3,290.4,Partially cloudy,1004.8,2015-04-19T05:35:08,2015-04-19T18:16:52
2015-04-20,29.6,74.4,0.1,4.17,23.2,73.4,46.8,259.7,"Rain, Partially cloudy",1005.2,2015-04-20T05:34:22,2015-04-20T18:17:12
2015-04-21,26.5,61.9,0.0,0.0,19.4,65.5,78.6,177.6,Partially cloudy,1011.0,2015-04-21T05:33:36,2015-04-21T18:17:33
2015-04-22,22.3,80.4,12.021,8.33,18.5,11.5,90.8,51.0,"Rain, Overcast",1015.0,2015-04-22T05:32:51,2015-04-22T18:17:54
2015-04-23,21.8,80.6,0.312,4.17,16.6,17.1,91.9,53.6,"Rain, Overcast",1017.1,2015-04-23T05:32:07,2015-04-23T18:18:15
2015-04-24,23.5,74.3,4.1,37.5,12.1,346.3,72.3,57.5,"Rain, Partially cloudy",1017.1,2015-04-24T05:31:23,2015-04-24T18:18:36
2015-04-25,24.5,70.3,0.1,8.33,13.9,310.3,43.7,135.9,"Rain, Partially cloudy",1016.8,2015-04-25T05:30:40,2015-04-25T18:18:58
2015-04-26,25.5,75.1,0.4,4.17,15.7,110.8,42.6,205.2,"Rain, Partially cloudy",1015.3,2015-04-26T05:29:57,2015-04-26T18:19:20
2015-04-27,26.7,75.5,0.098,4.17,19.4,113.9,73.7,207.1,"Rain, Partially cloudy",1012.4,2015-04-27T05:29:16,2015-04-27T18:19:42
2015-04-28,27.2,77.5,0.098,4.17,22.3,114.3,54.6,192.9,"Rain, Partially cloudy",1009.7,2015-04-28T05:28:35,2015-04-28T18:20:04
2015-04-29,28.2,78.0,0.5,12.5,18.4,104.1,67.9,212.1,"Rain, Partially cloudy",1009.3,2015-04-29T05:27:55,2015-04-29T18:20:27
2015-04-30,28.5,78.7,0.196,8.33,25.9,115.1,68.5,205.4,"Rain, Partially cloudy",1008.2,2015-04-30T05:27:16,2015-04-30T18:20:49
2015-05-01,29.3,79.6,2.948,4.17,25.9,112.3,42.3,272.7,"Rain, Partially cloudy",1005.4,2015-05-01T05:26:37,2015-05-01T18:21:12
2015-05-02,30.0,77.2,0.0,0.0,24.1,98.5,49.8,292.8,Partially cloudy,1004.9,2015-05-02T05:26:00,2015-05-02T18:21:35
2015-05-03,29.8,77.7,0.0,0.0,25.0,103.3,75.8,277.8,Partially cloudy,1005.5,2015-05-03T05:25:23,2015-05-03T18:21:59
2015-05-04,30.3,76.2,6.7,12.5,19.4,111.4,67.7,260.1,"Rain, Partially cloudy",1006.6,2015-05-04T05:24:47,2015-05-04T18:22:22
2015-05-05,29.3,80.2,4.4,33.33,25.9,121.4,90.3,109.2,"Rain, Overcast",1004.9,2015-05-05T05:24:12,2015-05-05T18:22:46
2015-05-06,30.4,76.3,1.4,4.17,18.5,101.7,79.3,236.2,"Rain, Partially cloudy",1003.4,2015-05-06T05:23:38,2015-05-06T18:23:10
2015-05-07,30.0,78.5,1.2,16.67,27.7,110.1,75.7,169.3,"Rain, Partially cloudy",1005.0,2015-05-07T05:23:05,2015-05-07T18:23:34
2015-05-08,30.8,77.1,3.2,8.33,25.0,110.5,78.7,249.0,"Rain, Partially cloudy",1003.6,2015-05-08T05:22:33,2015-05-08T18:23:58
2015-05-09,27.3,78.2,13.948,4.17,23.2,65.8,76.0,152.4,"Rain, Partially cloudy",1006.5,2015-05-09T05:22:01,2015-05-09T18:24:23
2015-05-10,28.7,77.2,2.2,37.5,21.4,121.8,70.5,225.7,"Rain, Partially cloudy",1005.9,2015-05-10T05:21:31,2015-05-10T18:24:48
2015-05-11,29.9,78.4,0.098,4.17,19.4,89.5,80.6,245.1,"Rain, Partially cloudy",1007.0,2015-05-11T05:21:02,2015-05-11T18:25:12
2015-05-12,27.0,73.2,2.012,8.33,20.5,70.1,89.4,83.7,"Rain, Partially cloudy",1010.4,2015-05-12T05:20:34,2015-05-12T18:25:37
2015-05-13,28.8,78.8,0.098,4.17,25.0,134.3,88.0,217.2,"Rain, Partially cloudy",1007.6,2015-05-13T05:20:06,2015-05-13T18:26:03
2015-05-14,30.2,76.2,0.098,4.17,26.8,127.7,74.0,263.5,"Rain, Partially cloudy",1006.6,2015-05-14T05:19:40,2015-05-14T18:26:28
2015-05-15,30.8,77.2,1.965,4.17,22.3,111.4,78.9,255.6,"Rain, Partially cloudy",1005.7,2015-05-15T05:19:15,2015-05-15T18:26:53
2015-05-16,27.3,81.5,28.685,12.5,23.2,89.9,78.3,136.0,"Rain, Partially cloudy",1006.9,2015-05-16T05:18:51,2015-05-16T18:27:18
2015-05-17,28.5,81.5,4.3,25.0,20.5,105.7,76.6,207.2,"Rain, Partially cloudy",1004.6,2015-05-17T05:18:28,2015-05-17T18:27:44
2015-05-18,30.8,76.8,0.3,4.17,25.0,101.4,59.9,230.5,"Rain, Partially cloudy",1002.8,2015-05-18T05:18:05,2015-05-18T18:28:09
2015-05-19,31.0,73.4,0.098,4.17,16.6,108.8,83.5,203.4,"Rain, Partially cloudy",1002.8,2015-05-19T05:17:44,2015-05-19T18:28:35
2015-05-20,30.8,73.2,0.197,4.17,32.4,60.3,87.1,153.6,"Rain, Partially cloudy",1002.6,2015-05-20T05:17:25,2015-05-20T18:29:01
2015-05-21,28.0,85.1,0.365,4.17,25.9,79.5,87.1,153.7,"Rain, Partially cloudy",1005.2,2015-05-21T05:17:06,2015-05-21T18:29:26
2015-05-22,30.4,77.1,8.844,4.17,34.4,105.7,85.6,188.5,"Rain, Partially cloudy",1003.2,2015-05-22T05:16:48,2015-05-22T18:29:52
2015-05-23,29.9,74.1,0.393,4.17,21.4,58.5,92.1,172.0,"Rain, Overcast",1002.6,2015-05-23T05:16:31,2015-05-23T18:30:17
2015-05-24,27.4,79.2,31.546,8.33,15.8,18.7,91.0,185.0,"Rain, Overcast",1005.1,2015-05-24T05:16:15,2015-05-24T18:30:43
2015-05-25,30.5,76.4,0.631,4.17,17.5,107.7,78.6,243.1,"Rain, Partially cloudy",1003.6,2015-05-25T05:16:01,2015-05-25T18:31:08
2015-05-26,32.2,71.1,0.0,0.0,21.4,105.3,48.7,284.2,Partially cloudy,1002.9,2015-05-26T05:15:47,2015-05-26T18:31:33
2015-05-27,32.7,68.8,0.0,0.0,22.3,103.6,60.0,297.4,Partially cloudy,1001.6,2015-05-27T05:15:35,2015-05-27T18:31:59
2015-05-28,33.2,63.4,0.0,0.0,17.5,121.1,34.5,314.8,Partially cloudy,999.8,2015-05-28T05:15:24,2015-05-28T18:32:24
2015-05-29,33.7,62.1,0.0,0.0,20.5,120.2,13.3,311.0,Clear,1000.9,2015-05-29T05:15:14,2015-05-29T18:32:48
2015-05-30,33.5,66.9,0.0,0.0,21.4,89.0,54.1,296.6,Partially cloudy,1003.0,2015-05-30T05:15:04,2015-05-30T18:33:13
2015-05-31,30.1,73.9,0.053,8.33,27.0,104.7,82.5,173.3,"Rain, Partially cloudy",1003.3,2015-05-31T05:14:56,2015-05-31T18:33:37
2015-06-01,30.5,72.2,0.11,8.33,48.2,111.9,72.3,268.8,"Rain, Partially cloudy",1002.2,2015-06-01T05:14:49,2015-06-01T18:34:02
2015-06-02,29.9,77.8,0.997,4.17,24.1,115.0,83.3,238.2,"Rain, Partially cloudy",1003.8,2015-06-02T05:14:44,2015-06-02T18:34:25
2015-06-03,30.4,76.8,38.613,4.17,24.1,129.3,52.5,282.9,"Rain, Partially cloudy",1005.6,2015-06-03T05:14:39,2015-06-03T18:34:49
2015-06-04,31.1,71.9,0.098,4.17,23.2,112.8,43.2,271.9,"Rain, Partially cloudy",1005.6,2015-06-04T05:14:35,2015-06-04T18:35:12
2015-06-05,28.0,81.8,1.965,4.17,19.4,71.5,85.4,128.5,"Rain, Partially cloudy",1005.9,2015-06-05T05:14:32,2015-06-05T18:35:35
2015-06-06,27.8,82.1,26.58,12.5,22.3,116.6,86.7,196.7,"Rain, Partially cloudy",1004.8,2015-06-06T05:14:31,2015-06-06T18:35:58
2015-06-07,27.4,87.4,2.115,12.5,16.6,96.8,88.6,185.9,"Rain, Partially cloudy",1004.3,2015-06-07T05:14:30,2015-06-07T18:36:20
2015-06-08,28.9,82.0,0.347,8.33,13.0,94.5,71.3,198.9,"Rain, Partially cloudy",1004.0,2015-06-08T05:14:30,2015-06-08T18:36:42
2015-06-09,30.3,76.4,0.59,4.17,12.1,116.6,58.3,214.8,"Rain, Partially cloudy",1003.3,2015-06-09T05:14:32,2015-06-09T18:37:03
2015-06-10,30.4,72.7,0.098,4.17,28.8,110.8,55.7,289.9,"Rain, Partially cloudy",1003.0,2015-06-10T05:14:34,2015-06-10T18:37:24
2015-06-11,28.9,81.3,33.408,8.33,14.8,48.6,74.0,188.7,"Rain, Partially cloudy",1005.4,2015-06-11T05:14:37,2015-06-11T18:37:44
2015-06-12,28.3,84.6,16.034,12.5,14.8,95.8,90.7,120.3,"Rain, Overcast",1006.4,2015-06-12T05:14:42,2015-06-12T18:38:03
2015-06-13,30.0,75.0,0.1,4.17,24.1,118.1,80.8,255.3,"Rain, Partially cloudy",1003.8,2015-06-13T05:14:47,2015-06-13T18:38:23
2015-06-14,29.6,80.5,0.983,4.17,25.9,100.8,78.6,236.4,"Rain, Partially cloudy",1003.9,2015-06-14T05:14:53,2015-06-14T18:38:41
2015-06-15,28.8,82.9,6.948,4.17,18.5,104.7,81.6,129.9,"Rain, Partially cloudy",1005.9,2015-06-15T05:15:00,2015-06-15T18:38:59
2015-06-16,30.8,76.1,0.1,4.17,27.7,128.4,51.6,259.2,"Rain, Partially cloudy",1005.4,2015-06-16T05:15:08,2015-06-16T18:39:16
2015-06-17,31.2,73.7,0.0,0.0,25.0,125.3,47.9,289.8,Partially cloudy,1003.2,2015-06-17T05:15:17,2015-06-17T18:39:33
2015-06-18,31.4,74.1,1.0,8.33,18.5,117.1,59.4,274.3,"Rain, Partially cloudy",1002.7,2015-06-18T05:15:26,2015-06-18T18:39:49
2015-06-19,31.3,74.3,4.3,33.33,18.5,121.0,72.6,213.5,"Rain, Partially cloudy",1003.8,2015-06-19T05:15:37,2015-06-19T18:40:04
2015-06-20,29.1,81.5,1.3,12.5,17.5,97.6,62.7,239.6,"Rain, Partially cloudy",1004.3,2015-06-20T05:15:48,2015-06-20T18:40:18
2015-06-21,30.9,74.9,8.7,50.0,13.9,107.3,69.1,225.3,"Rain, Partially cloudy",1002.6,2015-06-21T05:16:00,2015-06-21T18:40:32
2015-06-22,30.0,75.9,5.7,33.33,16.6,0.9,84.8,233.4,"Rain, Partially cloudy",1000.5,2015-06-22T05:16:13,2015-06-22T18:40:45
2015-06-23,30.8,72.9,0.898,8.33,16.7,1.1,89.1,224.0,"Rain, Partially cloudy",997.7,2015-06-23T05:16:27,2015-06-23T18:40:57
2015-06-24,27.8,85.5,30.568,16.67,30.6,303.1,91.6,27.2,"Rain, Overcast",996.4,2015-06-24T05:16:41,2015-06-24T18:41:08
2015-06-25,29.3,77.4,77.131,12.5,23.2,196.4,91.3,170.7,"Rain, Overcast",998.9,2015-06-25T05:16:56,2015-06-25T18:41:18
2015-06-26,32.0,67.3,0.0,0.0,21.4,133.1,59.0,289.9,Partially cloudy,1000.8,2015-06-26T05:17:12,2015-06-26T18:41:27
2015-06-27,32.9,62.3,0.0,0.0,21.4,150.6,21.3,309.7,Partially cloudy,1003.2,2015-06-27T05:17:28,2015-06-27T18:41:36
2015-06-28,33.0,64.4,0.0,0.0,18.5,131.0,34.4,315.6,Partially cloudy,1005.4,2015-06-28T05:17:45,2015-06-28T18:41:43
2015-06-29,33.9,59.4,0.0,0.0,15.7,179.2,16.1,315.5,Clear,1003.7,2015-06-29T05:18:02,2015-06-29T18:41:50
2015-06-30,34.4,53.8,0.0,0.0,13.0,219.5,10.7,313.3,Clear,1001.5,2015-06-30T05:18:20,2015-06-30T18:41:56
2015-07-01,34.7,54.7,0.0,0.0,17.5,241.2,47.2,310.0,Partially cloudy,1000.1,2015-07-01T05:18:38,2015-07-01T18:41:59
2015-07-02,34.5,57.3,0.0,0.0,18.9,231.4,67.6,303.0,Partially cloudy,998.8,2015-07-02T05:18:57,2015-07-02T18:42:03
2015-07-03,34.6,57.9,0.0,0.0,16.6,117.5,67.5,311.6,Partially cloudy,998.1,2015-07-03T05:19:16,2015-07-03T18:42:06
2015-07-04,31.4,70.1,0.8,8.33,20.5,32.4,92.1,201.6,"Rain, Overcast",999.7,2015-07-04T05:19:36,2015-07-04T18:42:07
2015-07-05,27.4,78.1,47.163,12.5,18.4,342.4,92.3,92.3,"Rain, Overcast",1003.7,2015-07-05T05:19:57,2015-07-05T18:42:08
2015-07-06,28.7,70.9,0.116,4.17,14.8,299.2,92.7,131.1,"Rain, Overcast",1003.9,2015-07-06T05:20:17,2015-07-06T18:42:07
2015-07-07,29.9,64.4,0.983,4.17,15.7,311.3,62.8,248.8,"Rain, Partially cloudy",1003.3,2015-07-07T05:20:39,2015-07-07T18:42:06
2015-07-08,29.9,61.7,0.0,0.0,19.4,307.4,30.0,291.3,Partially cloudy,1003.1,2015-07-08T05:21:00,2015-07-08T18:42:03
2015-07-09,30.7,57.5,0.0,0.0,13.9,354.6,20.9,283.0,Partially cloudy,1002.6,2015-07-09T05:21:22,2015-07-09T18:41:59
2015-07-10,30.4,55.0,0.295,4.17,23.0,353.3,64.0,220.7,"Rain, Partially cloudy",1002.7,2015-07-10T05:21:44,2015-07-10T18:41:55
2015-07-11,28.0,73.0,3.174,8.33,19.4,342.6,58.6,183.2,"Rain, Partially cloudy",1003.0,2015-07-11T05:22:06,2015-07-11T18:41:49
2015-07-12,31.1,65.3,0.0,0.0,19.4,70.6,27.8,290.1,Partially cloudy,1001.1,2015-07-12T05:22:29,2015-07-12T18:41:42
2015-07-13,32.0,66.8,0.0,0.0,16.7,98.8,29.0,291.3,Partially cloudy,1001.1,2015-07-13T05:22:52,2015-07-13T18:41:34
2015-07-14,32.1,67.7,0.2,4.17,22.3,115.5,44.4,288.1,"Rain, Partially cloudy",1000.6,2015-07-14T05:23:15,2015-07-14T18:41:24
2015-07-15,31.3,72.8,0.157,4.17,14.8,110.9,68.5,245.8,"Rain, Partially cloudy",999.3,2015-07-15T05:23:38,2015-07-15T18:41:14
2015-07-16,29.2,76.4,5.402,12.5,15.7,290.9,88.3,201.2,"Rain, Partially cloudy",1000.5,2015-07-16T05:24:01,2015-07-16T18:41:02
2015-07-17,29.9,74.0,0.122,4.17,20.5,336.6,83.9,166.9,"Rain, Partially cloudy",1001.1,2015-07-17T05:24:25,2015-07-17T18:40:50
2015-07-18,29.6,77.7,0.015,8.33,15.7,289.3,76.9,115.0,"Rain, Partially cloudy",1001.8,2015-07-18T05:24:48,2015-07-18T18:40:36
2015-07-19,29.6,76.4,6.892,4.17,18.1,352.6,72.2,190.9,"Rain, Partially cloudy",1001.7,2015-07-19T05:25:12,2015-07-19T18:40:21
2015-07-20,28.9,83.3,0.988,8.33,12.1,212.7,83.6,175.0,"Rain, Partially cloudy",1003.0,2015-07-20T05:25:35,2015-07-20T18:40:05
2015-07-21,28.6,83.4,9.923,4.17,22.1,92.4,69.7,130.0,"Rain, Partially cloudy",1005.0,2015-07-21T05:25:59,2015-07-21T18:39:48
2015-07-22,30.9,72.4,0.1,4.17,18.4,147.7,72.4,225.5,"Rain, Partially cloudy",1004.0,2015-07-22T05:26:22,2015-07-22T18:39:30
2015-07-23,30.4,71.2,0.0,0.0,13.9,71.9,92.0,214.2,Overcast,1003.4,2015-07-23T05:26:46,2015-07-23T18:39:10
2015-07-24,28.3,81.0,2.133,12.5,17.5,263.7,87.5,102.0,"Rain, Partially cloudy",1004.2,2015-07-24T05:27:09,2015-07-24T18:38:50
2015-07-25,27.8,84.3,17.923,16.67,16.6,252.4,89.9,94.6,"Rain, Partially cloudy",1003.5,2015-07-25T05:27:33,2015-07-25T18:38:28
2015-07-26,27.7,82.8,6.93,12.5,12.1,240.9,80.4,132.0,"Rain, Partially cloudy",1004.0,2015-07-26T05:27:56,2015-07-26T18:38:06
2015-07-27,28.4,82.1,3.9,41.67,19.4,109.2,87.7,159.1,"Rain, Partially cloudy",1004.7,2015-07-27T05:28:20,2015-07-27T18:37:42
2015-07-28,27.9,80.3,0.788,4.17,21.4,139.7,90.9,81.0,"Rain, Overcast",1005.9,2015-07-28T05:28:43,2015-07-28T18:37:17
2015-07-29,26.1,90.1,18.913,16.67,15.7,155.4,91.1,101.5,"Rain, Overcast",1006.1,2015-07-29T05:29:06,2015-07-29T18:36:51
2015-07-30,26.8,85.7,6.289,12.5,19.4,116.9,91.3,121.0,"Rain, Overcast",1006.1,2015-07-30T05:29:29,2015-07-30T18:36:24
2015-07-31,26.6,88.1,2.458,12.5,15.7,142.7,91.1,108.3,"Rain, Overcast",1006.3,2015-07-31T05:29:52,2015-07-31T18:35:56
2015-08-01,25.0,94.3,30.86,16.67,23.2,110.8,91.7,76.4,"Rain, Overcast",1006.7,2015-08-01T05:30:14,2015-08-01T18:35:27
2015-08-02,24.8,95.2,52.479,16.67,19.4,100.9,91.9,74.4,"Rain, Overcast",1008.2,2015-08-02T05:30:37,2015-08-02T18:34:57
2015-08-03,25.4,92.2,2.412,16.67,25.0,97.2,91.6,79.5,"Rain, Overcast",1008.9,2015-08-03T05:30:59,2015-08-03T18:34:26
2015-08-04,25.5,92.1,9.703,16.67,18.4,105.0,91.0,83.7,"Rain, Overcast",1007.5,2015-08-04T05:31:21,2015-08-04T18:33:53
2015-08-05,26.9,85.8,1.348,8.33,19.4,105.9,71.3,109.0,"Rain, Partially cloudy",1005.5,2015-08-05T05:31:43,2015-08-05T18:33:20
2015-08-06,27.8,85.0,6.978,8.33,16.7,111.7,71.9,118.8,"Rain, Partially cloudy",1005.0,2015-08-06T05:32:04,2015-08-06T18:32:46
2015-08-07,29.2,77.6,3.2,37.5,8.5,11.1,37.7,247.2,"Rain, Partially cloudy",1005.7,2015-08-07T05:32:26,2015-08-07T18:32:11
2015-08-08,30.6,74.1,0.0,0.0,13.9,300.3,7.9,290.5,Clear,1003.1,2015-08-08T05:32:47,2015-08-08T18:31:35
2015-08-09,30.5,74.4,0.1,4.17,19.4,324.1,24.9,283.9,"Rain, Partially cloudy",1001.2,2015-08-09T05:33:08,2015-08-09T18:30:58
2015-08-10,31.2,73.3,2.0,25.0,17.5,350.9,37.5,265.6,"Rain, Partially cloudy",1003.6,2015-08-10T05:33:29,2015-08-10T18:30:20
2015-08-11,30.5,76.2,0.297,4.17,16.6,95.8,65.2,193.0,"Rain, Partially cloudy",1006.0,2015-08-11T05:33:49,2015-08-11T18:29:41
2015-08-12,30.5,75.3,2.8,29.17,25.0,114.2,33.1,249.9,"Rain, Partially cloudy",1006.0,2015-08-12T05:34:09,2015-08-12T18:29:02
2015-08-13,29.2,80.1,7.8,25.0,14.8,99.1,69.7,210.6,"Rain, Partially cloudy",1005.4,2015-08-13T05:34:29,2015-08-13T18:28:21
2015-08-14,30.9,73.9,0.2,8.33,13.0,92.5,74.2,213.5,"Rain, Partially cloudy",1004.1,2015-08-14T05:34:49,2015-08-14T18:27:40
2015-08-15,31.9,68.9,0.1,4.17,14.8,146.1,64.7,253.3,"Rain, Partially cloudy",1004.3,2015-08-15T05:35:08,2015-08-15T18:26:58
2015-08-16,32.3,67.4,0.0,0.0,15.7,126.8,60.8,257.6,Partially cloudy,1004.1,2015-08-16T05:35:28,2015-08-16T18:26:15
2015-08-17,32.7,66.7,0.1,4.17,16.6,141.9,60.6,283.4,"Rain, Partially cloudy",1003.5,2015-08-17T05:35:46,2015-08-17T18:25:31
2015-08-18,32.2,68.7,0.0,0.0,20.5,116.1,72.5,275.3,Partially cloudy,1003.1,2015-08-18T05:36:05,2015-08-18T18:24:46
2015-08-19,30.5,79.0,9.6,33.33,18.4,84.2,83.1,228.7,"Rain, Partially cloudy",1004.8,2015-08-19T05:36:24,2015-08-19T18:24:01
2015-08-20,28.6,76.1,20.633,4.17,20.5,310.5,74.2,173.7,"Rain, Partially cloudy",1007.9,2015-08-20T05:36:42,2015-08-20T18:23:15
2015-08-21,31.0,69.5,0.0,0.0,13.2,310.8,66.5,260.7,Partially cloudy,1005.1,2015-08-21T05:37:00,2015-08-21T18:22:29
2015-08-22,31.4,66.8,0.0,0.0,13.9,316.6,51.1,269.2,Partially cloudy,1003.0,2015-08-22T05:37:17,2015-08-22T18:21:41
2015-08-23,31.8,64.9,0.0,0.0,11.2,354.8,22.0,257.7,Partially cloudy,1002.1,2015-08-23T05:37:35,2015-08-23T18:20:53
2015-08-24,31.7,70.1,0.1,4.17,15.7,91.8,28.0,269.3,"Rain, Partially cloudy",1002.8,2015-08-24T05:37:52,2015-08-24T18:20:04
2015-08-25,31.6,71.5,5.2,37.5,22.3,113.3,55.6,237.3,"Rain, Partially cloudy",1004.0,2015-08-25T05:38:09,2015-08-25T18:19:15
2015-08-26,29.5,76.5,0.852,8.33,25.0,150.7,67.6,247.3,"Rain, Partially cloudy",1006.3,2015-08-26T05:38:26,2015-08-26T18:18:25
2015-08-27,29.7,74.7,96.287,4.17,17.5,116.3,72.7,184.9,"Rain, Partially cloudy",1006.1,2015-08-27T05:38:42,2015-08-27T18:17:35
2015-08-28,29.6,79.7,6.9,33.33,13.9,131.1,84.8,155.7,"Rain, Partially cloudy",1004.1,2015-08-28T05:38:59,2015-08-28T18:16:44
2015-08-29,27.9,85.7,0.1,8.33,13.9,0.5,91.2,90.2,"Rain, Overcast",1003.8,2015-08-29T05:39:15,2015-08-29T18:15:52
2015-08-30,27.4,75.8,53.458,12.5,20.5,330.7,90.3,202.9,"Rain, Overcast",1005.8,2015-08-30T05:39:31,2015-08-30T18:15:00
2015-08-31,28.5,76.2,1.081,4.17,10.8,37.3,76.6,240.3,"Rain, Partially cloudy",1005.4,2015-08-31T05:39:46,2015-08-31T18:14:08
2015-09-01,28.7,76.3,0.4,12.5,15.8,339.5,63.2,226.7,"Rain, Partially cloudy",1005.0,2015-09-01T05:40:02,2015-09-01T18:13:15
2015-09-02,28.6,80.9,0.332,4.17,16.7,333.2,81.6,179.3,"Rain, Partially cloudy",1006.2,2015-09-02T05:40:17,2015-09-02T18:12:21
2015-09-03,26.5,92.7,16.245,16.67,13.0,90.0,90.2,20.9,"Rain, Overcast",1008.7,2015-09-03T05:40:33,2015-09-03T18:11:28
2015-09-04,27.4,88.6,6.115,12.5,19.4,95.6,79.1,134.2,"Rain, Partially cloudy",1010.1,2015-09-04T05:40:48,2015-09-04T18:10:33
2015-09-05,30.1,79.9,0.8,20.83,20.3,131.3,61.1,215.5,"Rain, Partially cloudy",1008.7,2015-09-05T05:41:03,2015-09-05T18:09:39
2015-09-06,31.2,75.9,0.0,0.0,13.9,120.5,73.2,261.3,Partially cloudy,1006.1,2015-09-06T05:41:18,2015-09-06T18:08:44
2015-09-07,30.1,81.1,1.9,12.5,13.0,66.6,54.8,195.3,"Rain, Partially cloudy",1005.0,2015-09-07T05:41:32,2015-09-07T18:07:49
2015-09-08,26.5,90.3,21.525,8.33,25.0,71.0,76.8,75.6,"Rain, Partially cloudy",1006.4,2015-09-08T05:41:47,2015-09-08T18:06:53
2015-09-09,26.9,89.1,2.5,8.33,19.4,80.0,72.5,63.2,"Rain, Partially cloudy",1009.7,2015-09-09T05:42:01,2015-09-09T18:05:57
2015-09-10,27.7,83.7,11.793,8.33,13.0,5.8,54.4,152.5,"Rain, Partially cloudy",1012.0,2015-09-10T05:42:16,2015-09-10T18:05:01
2015-09-11,29.2,74.6,0.5,16.67,12.1,106.3,36.2,231.7,"Rain, Partially cloudy",1010.0,2015-09-11T05:42:30,2015-09-11T18:04:05
2015-09-12,28.4,73.1,0.192,4.17,18.5,15.7,60.9,133.7,"Rain, Partially cloudy",1011.5,2015-09-12T05:42:45,2015-09-12T18:03:09
2015-09-13,25.4,65.7,0.498,8.33,21.4,29.7,89.7,111.1,"Rain, Partially cloudy",1014.0,2015-09-13T05:42:59,2015-09-13T18:02:12
2015-09-14,27.1,63.5,0.1,4.17,15.7,4.7,44.6,249.9,"Rain, Partially cloudy",1011.8,2015-09-14T05:43:13,2015-09-14T18:01:15
2015-09-15,25.4,78.1,10.928,12.5,16.6,325.7,82.1,55.1,"Rain, Partially cloudy",1010.4,2015-09-15T05:43:28,2015-09-15T18:00:18
2015-09-16,27.1,76.8,0.319,12.5,15.7,22.3,64.3,89.6,"Rain, Partially cloudy",1009.2,2015-09-16T05:43:42,2015-09-16T17:59:22
2015-09-17,27.4,80.7,4.136,8.33,23.2,47.4,87.4,44.9,"Rain, Partially cloudy",1010.8,2015-09-17T05:43:56,2015-09-17T17:58:24
2015-09-18,25.8,91.9,59.109,12.5,13.0,61.8,81.3,94.2,"Rain, Partially cloudy",1013.4,2015-09-18T05:44:10,2015-09-18T17:57:27
2015-09-19,28.7,80.9,1.1,16.67,14.8,111.9,59.9,214.2,"Rain, Partially cloudy",1011.1,2015-09-19T05:44:25,2015-09-19T17:56:30
2015-09-20,29.3,81.5,1.4,4.17,15.7,94.8,72.2,142.1,"Rain, Partially cloudy",1007.6,2015-09-20T05:44:39,2015-09-20T17:55:33
2015-09-21,26.8,86.3,9.105,12.5,17.6,82.4,91.6,68.1,"Rain, Overcast",1006.2,2015-09-21T05:44:54,2015-09-21T17:54:36
2015-09-22,25.9,90.5,31.003,12.5,18.4,56.7,90.7,81.7,"Rain, Overcast",1006.3,2015-09-22T05:45:08,2015-09-22T17:53:39
2015-09-23,28.0,86.2,0.365,12.5,17.5,85.9,67.3,139.3,"Rain, Partially cloudy",1007.0,2015-09-23T05:45:23,2015-09-23T17:52:42
2015-09-24,29.9,80.4,0.1,4.17,17.5,117.7,61.1,223.5,"Rain, Partially cloudy",1004.2,2015-09-24T05:45:38,2015-09-24T17:51:45
2015-09-25,30.5,79.9,2.3,16.67,16.6,100.4,63.4,226.1,"Rain, Partially cloudy",1003.1,2015-09-25T05:45:53,2015-09-25T17:50:48
2015-09-26,28.6,84.2,4.225,8.33,16.7,75.5,61.8,135.8,"Rain, Partially cloudy",1005.9,2015-09-26T05:46:08,2015-09-26T17:49:52
2015-09-27,29.6,80.5,4.3,45.83,13.9,127.5,30.0,149.6,"Rain, Partially cloudy",1007.6,2015-09-27T05:46:23,2015-09-27T17:48:55
2015-09-28,30.3,76.5,0.8,20.83,14.8,110.9,19.2,215.0,Rain,1007.9,2015-09-28T05:46:39,2015-09-28T17:47:59
2015-09-29,30.8,74.0,1.2,16.67,13.0,44.0,20.2,221.3,"Rain, Partially cloudy",1007.8,2015-09-29T05:46:54,2015-09-29T17:47:03
2015-09-30,29.9,73.1,1.462,12.5,14.8,97.7,48.7,189.3,"Rain, Partially cloudy",1010.4,2015-09-30T05:47:10,2015-09-30T17:46:07
2015-10-01,29.6,73.8,5.6,29.17,27.9,37.0,42.2,213.8,"Rain, Partially cloudy",1012.6,2015-10-01T05:47:26,2015-10-01T17:45:12
2015-10-02,27.6,79.9,11.14,12.5,17.6,297.5,54.8,150.0,"Rain, Partially cloudy",1012.0,2015-10-02T05:47:42,2015-10-02T17:44:17
2015-10-03,28.6,76.7,0.11,4.17,13.0,29.7,39.2,158.7,"Rain, Partially cloudy",1011.5,2015-10-03T05:47:59,2015-10-03T17:43:22
2015-10-04,28.9,68.2,2.4,8.33,17.5,333.3,55.9,194.8,"Rain, Partially cloudy",1010.2,2015-10-04T05:48:16,2015-10-04T17:42:27
2015-10-05,27.4,68.1,0.0,0.0,20.3,36.4,83.8,121.2,Partially cloudy,1010.8,2015-10-05T05:48:33,2015-10-05T17:41:33
2015-10-06,27.4,65.8,0.0,0.0,12.1,93.4,53.0,234.5,Partially cloudy,1012.2,2015-10-06T05:48:50,2015-10-06T17:40:39
2015-10-07,29.0,69.6,0.0,0.0,13.9,105.9,39.6,185.7,Partially cloudy,1011.9,2015-10-07T05:49:08,2015-10-07T17:39:46
2015-10-08,26.8,77.0,40.493,8.33,23.2,16.7,70.0,161.1,"Rain, Partially cloudy",1011.7,2015-10-08T05:49:26,2015-10-08T17:38:53
2015-10-09,24.4,81.7,4.42,12.5,25.0,8.7,89.1,62.1,"Rain, Partially cloudy",1011.7,2015-10-09T05:49:45,2015-10-09T17:38:01
2015-10-10,20.2,83.8,25.878,16.67,18.4,350.7,91.6,26.7,"Rain, Overcast",1015.8,2015-10-10T05:50:03,2015-10-10T17:37:09
2015-10-11,23.0,63.0,9.04,8.33,13.0,341.9,95.1,70.1,"Rain, Overcast",1019.5,2015-10-11T05:50:22,2015-10-11T17:36:18
2015-10-12,22.6,64.7,0.2,4.17,14.8,15.0,70.4,185.2,"Rain, Partially cloudy",1019.7,2015-10-12T05:50:42,2015-10-12T17:35:28
2015-10-13,23.7,65.1,0.0,0.0,13.9,358.1,59.3,203.0,Partially cloudy,1019.3,2015-10-13T05:51:02,2015-10-13T17:34:37
2015-10-14,23.9,70.6,0.2,4.17,12.1,299.2,34.7,193.0,"Rain, Partially cloudy",1017.9,2015-10-14T05:51:22,2015-10-14T17:33:48
2015-10-15,26.4,68.1,0.0,0.0,9.4,335.8,21.3,230.4,Partially cloudy,1015.4,2015-10-15T05:51:43,2015-10-15T17:32:59
2015-10-16,27.0,70.6,0.0,0.0,10.5,40.4,13.3,205.8,Clear,1014.0,2015-10-16T05:52:04,2015-10-16T17:32:11
2015-10-17,27.2,69.2,0.1,4.17,13.0,67.6,11.1,208.3,Rain,1013.3,2015-10-17T05:52:26,2015-10-17T17:31:24
2015-10-18,27.2,70.0,0.0,0.0,9.0,51.4,17.4,225.8,Clear,1013.3,2015-10-18T05:52:48,2015-10-18T17:30:37
2015-10-19,26.9,68.4,0.0,0.0,10.3,9.1,6.6,229.5,Clear,1011.4,2015-10-19T05:53:10,2015-10-19T17:29:51
2015-10-20,27.3,69.8,0.0,0.0,11.2,59.7,6.8,222.2,Clear,1009.4,2015-10-20T05:53:33,2015-10-20T17:29:06
2015-10-21,27.4,70.8,0.3,8.33,13.0,74.3,7.6,190.7,Rain,1010.5,2015-10-21T05:53:57,2015-10-21T17:28:22
2015-10-22,27.5,65.0,0.8,12.5,13.0,77.5,21.8,210.7,"Rain, Partially cloudy",1012.2,2015-10-22T05:54:21,2015-10-22T17:27:38
2015-10-23,26.9,67.8,0.0,0.0,13.0,85.2,16.5,223.0,Clear,1012.9,2015-10-23T05:54:45,2015-10-23T17:26:56
2015-10-24,26.7,69.6,0.0,0.0,13.0,89.6,8.5,221.6,Clear,1014.0,2015-10-24T05:55:10,2015-10-24T17:26:14
2015-10-25,26.8,71.6,0.035,4.17,9.4,101.0,21.1,193.0,"Rain, Partially cloudy",1015.0,2015-10-25T05:55:36,2015-10-25T17:25:33
2015-10-26,27.3,72.1,0.0,0.0,13.0,110.0,17.4,213.0,Clear,1014.4,2015-10-26T05:56:02,2015-10-26T17:24:53
2015-10-27,27.8,74.1,0.0,0.0,13.9,121.0,26.2,188.6,Partially cloudy,1014.3,2015-10-27T05:56:28,2015-10-27T17:24:14
2015-10-28,28.3,71.6,0.0,0.0,18.4,130.9,19.4,213.7,Clear,1014.1,2015-10-28T05:56:55,2015-10-28T17:23:36
2015-10-29,28.3,70.8,0.0,0.0,19.4,128.5,21.9,198.1,Partially cloudy,1014.9,2015-10-29T05:57:23,2015-10-29T17:22:59
2015-10-30,27.9,78.9,1.6,29.17,10.8,117.4,48.3,175.3,"Rain, Partially cloudy",1015.3,2015-10-30T05:57:51,2015-10-30T17:22:23
2015-10-31,25.4,81.0,11.693,12.5,18.7,54.1,92.4,88.7,"Rain, Overcast",1018.6,2015-10-31T05:58:19,2015-10-31T17:21:48
2015-11-01,20.8,74.3,0.295,4.17,17.8,358.2,99.6,38.2,"Rain, Overcast",1022.9,2015-11-01T05:58:49,2015-11-01T17:21:15
2015-11-02,22.7,63.0,0.0,0.0,14.3,350.1,70.6,200.8,Partially cloudy,1020.3,2015-11-02T05:59:18,2015-11-02T17:20:42
2015-11-03,23.7,68.8,0.0,0.0,11.2,66.8,42.8,137.5,Partially cloudy,1017.8,2015-11-03T05:59:49,2015-11-03T17:20:10
2015-11-04,24.7,75.8,2.555,4.17,16.6,58.3,56.0,118.5,"Rain, Partially cloudy",1016.3,2015-11-04T06:00:19,2015-11-04T17:19:40
2015-11-05,25.5,79.2,0.098,4.17,10.3,119.9,62.3,107.8,"Rain, Partially cloudy",1014.4,2015-11-05T06:00:50,2015-11-05T17:19:11
2015-11-06,26.8,78.1,0.349,8.33,18.4,127.4,55.2,160.4,"Rain, Partially cloudy",1012.8,2015-11-06T06:01:22,2015-11-06T17:18:42
2015-11-07,25.8,85.6,2.959,8.33,14.9,83.4,72.9,110.0,"Rain, Partially cloudy",1013.9,2015-11-07T06:01:54,2015-11-07T17:18:15
2015-11-08,25.7,88.7,0.493,8.33,16.6,71.8,70.2,126.6,"Rain, Partially cloudy",1014.8,2015-11-08T06:02:27,2015-11-08T17:17:50
2015-11-09,25.8,86.8,9.35,8.33,11.2,68.3,76.9,119.9,"Rain, Partially cloudy",1014.5,2015-11-09T06:03:00,2015-11-09T17:17:25
2015-11-10,25.8,84.3,6.976,8.33,16.6,87.7,86.1,90.4,"Rain, Partially cloudy",1013.9,2015-11-10T06:03:34,2015-11-10T17:17:02
2015-11-11,26.3,82.7,0.272,12.5,14.8,97.6,75.0,143.3,"Rain, Partially cloudy",1013.2,2015-11-11T06:04:08,2015-11-11T17:16:40
2015-11-12,27.2,80.0,0.087,4.17,21.4,118.1,57.5,137.6,"Rain, Partially cloudy",1013.0,2015-11-12T06:04:43,2015-11-12T17:16:19
2015-11-13,21.9,80.9,4.158,12.5,24.1,46.8,89.7,28.6,"Rain, Partially cloudy",1014.3,2015-11-13T06:05:18,2015-11-13T17:16:00
2015-11-14,21.9,82.5,0.1,8.33,15.7,65.9,91.2,60.0,"Rain, Overcast",1013.3,2015-11-14T06:05:53,2015-11-14T17:15:42
2015-11-15,25.9,82.1,0.0,0.0,21.4,113.1,83.0,140.7,Partially cloudy,1011.0,2015-11-15T06:06:29,2015-11-15T17:15:25
2015-11-16,28.3,79.0,0.0,0.0,22.3,145.7,38.2,158.2,Partially cloudy,1008.9,2015-11-16T06:07:06,2015-11-16T17:15:09
2015-11-17,29.0,72.1,0.0,0.0,17.5,145.0,25.4,193.9,Partially cloudy,1009.5,2015-11-17T06:07:42,2015-11-17T17:14:55
2015-11-18,28.1,79.1,0.098,4.17,20.5,136.9,44.5,141.7,"Rain, Partially cloudy",1013.2,2015-11-18T06:08:19,2015-11-18T17:14:42
2015-11-19,27.5,79.1,0.098,4.17,15.7,108.5,67.5,142.9,"Rain, Partially cloudy",1014.5,2015-11-19T06:08:57,2015-11-19T17:14:31
2015-11-20,25.4,82.3,0.151,4.17,16.6,85.8,71.2,104.4,"Rain, Partially cloudy",1014.3,2015-11-20T06:09:34,2015-11-20T17:14:21
2015-11-21,24.2,82.8,37.685,12.5,15.7,52.3,65.5,100.9,"Rain, Partially cloudy",1015.6,2015-11-21T06:10:12,2015-11-21T17:14:12
2015-11-22,25.4,77.4,0.789,8.33,16.6,59.0,71.8,102.5,"Rain, Partially cloudy",1015.6,2015-11-22T06:10:50,2015-11-22T17:14:05
2015-11-23,25.6,79.4,0.209,8.33,14.8,53.8,49.2,93.4,"Rain, Partially cloudy",1015.5,2015-11-23T06:11:29,2015-11-23T17:13:59
2015-11-24,24.8,83.5,0.698,8.33,14.8,73.2,66.2,122.1,"Rain, Partially cloudy",1014.7,2015-11-24T06:12:07,2015-11-24T17:13:54
2015-11-25,21.9,83.2,27.366,16.67,26.8,44.9,82.4,44.6,"Rain, Partially cloudy",1017.2,2015-11-25T06:12:46,2015-11-25T17:13:51
2015-11-26,17.0,66.8,0.098,4.17,20.5,13.1,94.2,38.0,"Rain, Overcast",1021.6,2015-11-26T06:13:25,2015-11-26T17:13:49
2015-11-27,19.5,56.0,0.0,0.0,13.0,43.4,92.6,91.9,Overcast,1020.6,2015-11-27T06:14:04,2015-11-27T17:13:48
2015-11-28,19.9,70.5,0.2,8.33,11.2,340.1,91.6,40.7,"Rain, Overcast",1020.5,2015-11-28T06:14:43,2015-11-28T17:13:49
2015-11-29,20.8,77.4,0.4,16.67,14.8,358.9,90.8,56.4,"Rain, Overcast",1020.8,2015-11-29T06:15:22,2015-11-29T17:13:52
2015-11-30,21.2,75.5,0.0,0.0,14.8,59.3,91.0,70.5,Overcast,1017.8,2015-11-30T06:16:01,2015-11-30T17:13:55
2015-12-01,24.4,78.0,0.4,16.67,14.8,117.0,85.0,142.0,"Rain, Partially cloudy",1013.5,2015-12-01T06:16:41,2015-12-01T17:14:00
2015-12-02,25.7,80.6,0.012,4.17,28.6,62.5,61.9,119.0,"Rain, Partially cloudy",1014.1,2015-12-02T06:17:20,2015-12-02T17:14:06
2015-12-03,20.6,69.3,0.097,8.33,28.6,55.7,87.5,34.7,"Rain, Partially cloudy",1018.1,2015-12-03T06:17:59,2015-12-03T17:14:14
2015-12-04,16.7,86.3,8.16,16.67,16.6,30.7,91.8,20.1,"Rain, Overcast",1019.4,2015-12-04T06:18:38,2015-12-04T17:14:23
2015-12-05,16.4,86.5,10.895,12.5,13.0,24.7,85.3,38.7,"Rain, Partially cloudy",1019.7,2015-12-05T06:19:16,2015-12-05T17:14:33
2015-12-06,17.3,66.8,0.0,0.0,15.7,24.8,30.3,185.7,Partially cloudy,1022.8,2015-12-06T06:19:55,2015-12-06T17:14:45
2015-12-07,16.7,68.0,0.0,0.0,13.9,57.2,21.9,188.0,Partially cloudy,1023.3,2015-12-07T06:20:33,2015-12-07T17:14:57
2015-12-08,16.8,70.6,0.098,4.17,20.5,54.6,65.8,130.6,"Rain, Partially cloudy",1021.8,2015-12-08T06:21:11,2015-12-08T17:15:12
2015-12-09,18.1,72.7,0.197,4.17,11.2,20.4,86.5,129.5,"Rain, Partially cloudy",1017.8,2015-12-09T06:21:49,2015-12-09T17:15:27
2015-12-10,18.9,77.6,0.0,0.0,15.7,39.2,83.4,81.0,Partially cloudy,1016.4,2015-12-10T06:22:26,2015-12-10T17:15:44
2015-12-11,18.9,84.8,0.793,12.5,13.0,70.4,89.7,31.2,"Rain, Partially cloudy",1014.4,2015-12-11T06:23:04,2015-12-11T17:16:01
2015-12-12,20.1,88.6,1.1,25.0,12.6,30.1,90.0,70.2,"Rain, Partially cloudy",1012.0,2015-12-12T06:23:40,2015-12-12T17:16:20
2015-12-13,23.2,86.1,0.0,0.0,11.2,300.6,57.1,89.2,Partially cloudy,1012.6,2015-12-13T06:24:16,2015-12-13T17:16:41
2015-12-14,20.7,78.1,0.133,8.33,21.4,55.3,80.4,35.7,"Rain, Partially cloudy",1015.5,2015-12-14T06:24:52,2015-12-14T17:17:02
2015-12-15,17.4,75.7,0.112,8.33,21.4,35.2,91.9,27.0,"Rain, Overcast",1019.6,2015-12-15T06:25:27,2015-12-15T17:17:24
2015-12-16,15.1,62.9,0.098,4.17,24.1,5.1,73.8,30.0,"Rain, Partially cloudy",1025.2,2015-12-16T06:26:02,2015-12-16T17:17:48
2015-12-17,14.9,56.4,0.0,0.0,18.4,0.3,74.0,72.5,Partially cloudy,1026.6,2015-12-17T06:26:36,2015-12-17T17:18:12
2015-12-18,14.8,68.7,0.0,0.0,13.0,22.3,81.0,102.8,Partially cloudy,1024.9,2015-12-18T06:27:09,2015-12-18T17:18:38
2015-12-19,16.1,69.3,0.0,0.0,12.1,354.4,79.8,141.1,Partially cloudy,1024.1,2015-12-19T06:27:41,2015-12-19T17:19:05
2015-12-20,17.6,71.7,0.0,0.0,9.8,10.6,52.0,133.5,Partially cloudy,1021.8,2015-12-20T06:28:13,2015-12-20T17:19:32
2015-12-21,19.4,77.3,0.0,0.0,8.5,32.2,33.6,161.6,Partially cloudy,1019.7,2015-12-21T06:28:45,2015-12-21T17:20:01
2015-12-22,20.6,83.6,6.879,4.17,13.0,96.0,47.6,151.4,"Rain, Partially cloudy",1018.6,2015-12-22T06:29:15,2015-12-22T17:20:30
2015-12-23,21.4,91.2,0.0,0.0,11.2,100.5,65.6,115.8,Partially cloudy,1015.3,2015-12-23T06:29:44,2015-12-23T17:21:01
2015-12-24,22.9,88.9,0.3,8.33,9.8,86.4,70.8,104.6,"Rain, Partially cloudy",1015.1,2015-12-24T06:30:13,2015-12-24T17:21:32
2015-12-25,17.9,73.7,0.255,12.5,25.9,28.0,93.0,28.0,"Rain, Overcast",1021.0,2015-12-25T06:30:41,2015-12-25T17:22:04
2015-12-26,14.1,91.1,5.117,12.5,11.2,13.4,91.8,49.1,"Rain, Overcast",1021.2,2015-12-26T06:31:08,2015-12-26T17:22:37
2015-12-27,16.6,84.8,0.1,4.17,12.1,325.5,89.6,102.3,"Rain, Partially cloudy",1023.2,2015-12-27T06:31:34,2015-12-27T17:23:11
2015-12-28,17.8,82.1,0.6,20.83,14.8,32.0,90.6,42.7,"Rain, Overcast",1025.0,2015-12-28T06:31:59,2015-12-28T17:23:45
2015-12-29,15.5,93.1,2.281,12.5,14.8,20.5,91.8,19.6,"Rain, Overcast",1024.3,2015-12-29T06:32:22,2015-12-29T17:24:20
2015-12-30,15.5,81.7,0.406,8.33,20.5,13.9,92.4,23.7,"Rain, Overcast",1025.7,2015-12-30T06:32:45,2015-12-30T17:24:55
2015-12-31,16.7,69.3,0.052,8.33,16.6,19.8,84.0,43.6,"Rain, Partially cloudy",1027.1,2015-12-31T06:33:07,2015-12-31T17:25:32
2016-01-01,17.4,77.6,0.0,0.0,11.2,49.8,82.2,125.1,Partially cloudy,1025.5,2016-01-01T06:33:28,2016-01-01T17:26:09
2016-01-02,19.2,79.1,0.0,0.0,11.2,72.9,83.8,114.5,Partially cloudy,1022.0,2016-01-02T06:33:48,2016-01-02T17:26:46
2016-01-03,20.6,80.9,0.0,0.0,16.6,129.4,64.6,133.3,Partially cloudy,1018.3,2016-01-03T06:34:06,2016-01-03T17:27:24
2016-01-04,21.1,83.1,0.0,0.0,13.0,107.3,72.5,82.0,Partially cloudy,1016.9,2016-01-04T06:34:23,2016-01-04T17:28:02
2016-01-05,21.8,85.4,0.1,4.17,11.2,83.3,50.4,141.5,"Rain, Partially cloudy",1014.9,2016-01-05T06:34:39,2016-01-05T17:28:41
2016-01-06,22.4,85.1,0.3,12.5,18.4,108.2,60.4,86.3,"Rain, Partially cloudy",1017.0,2016-01-06T06:34:54,2016-01-06T17:29:20
2016-01-07,21.7,84.7,1.9,45.83,20.5,123.5,76.6,69.3,"Rain, Partially cloudy",1018.5,2016-01-07T06:35:08,2016-01-07T17:29:59
2016-01-08,21.2,85.4,0.098,4.17,22.3,108.7,78.8,37.1,"Rain, Partially cloudy",1017.3,2016-01-08T06:35:21,2016-01-08T17:30:39
2016-01-09,21.5,89.5,0.007,4.17,25.9,112.8,74.9,97.5,"Rain, Partially cloudy",1014.7,2016-01-09T06:35:32,2016-01-09T17:31:19
2016-01-10,24.3,82.8,0.035,4.17,18.4,128.0,51.6,122.3,"Rain, Partially cloudy",1011.9,2016-01-10T06:35:42,2016-01-10T17:31:59
2016-01-11,21.5,80.1,0.7,25.0,25.9,62.8,73.7,84.4,"Rain, Partially cloudy",1014.9,2016-01-11T06:35:51,2016-01-11T17:32:39
2016-01-12,17.8,76.7,0.0,0.0,18.4,68.6,91.8,62.8,Overcast,1018.2,2016-01-12T06:35:58,2016-01-12T17:33:20
2016-01-13,17.2,85.2,0.098,4.17,16.6,45.2,91.9,38.9,"Rain, Overcast",1018.1,2016-01-13T06:36:04,2016-01-13T17:34:00
2016-01-14,16.3,95.9,7.882,16.67,13.0,41.3,91.9,26.3,"Rain, Overcast",1016.0,2016-01-14T06:36:09,2016-01-14T17:34:41
2016-01-15,16.0,87.5,1.091,8.33,16.6,49.8,91.9,36.9,"Rain, Overcast",1013.4,2016-01-15T06:36:12,2016-01-15T17:35:22
2016-01-16,15.8,97.2,0.593,12.5,14.8,53.3,91.9,64.0,"Rain, Overcast",1011.1,2016-01-16T06:36:14,2016-01-16T17:36:03
2016-01-17,19.4,82.2,0.2,4.17,18.4,8.3,72.3,133.9,"Rain, Partially cloudy",1012.2,2016-01-17T06:36:15,2016-01-17T17:36:43
2016-01-18,18.1,68.4,0.0,0.0,18.4,83.0,89.1,130.9,Partially cloudy,1015.7,2016-01-18T06:36:15,2016-01-18T17:37:24
2016-01-19,17.2,80.1,0.0,0.0,18.4,53.2,80.4,61.9,Partially cloudy,1017.7,2016-01-19T06:36:13,2016-01-19T17:38:05
2016-01-20,17.6,85.5,0.1,4.17,11.2,47.9,91.9,61.3,"Rain, Overcast",1017.1,2016-01-20T06:36:10,2016-01-20T17:38:45
2016-01-21,18.3,95.2,0.198,8.33,16.6,31.0,91.9,58.6,"Rain, Overcast",1015.5,2016-01-21T06:36:05,2016-01-21T17:39:25
2016-01-22,15.6,94.4,1.091,8.33,24.1,61.9,91.9,33.2,"Rain, Overcast",1017.4,2016-01-22T06:35:59,2016-01-22T17:40:06
2016-01-23,11.1,68.2,2.037,8.33,31.7,38.1,90.7,36.0,"Rain, Overcast",1028.1,2016-01-23T06:35:52,2016-01-23T17:40:46
2016-01-24,7.0,75.2,2.473,12.5,22.3,18.9,89.7,35.7,"Rain, Partially cloudy",1037.2,2016-01-24T06:35:44,2016-01-24T17:41:25
2016-01-25,9.2,72.2,0.1,8.33,16.6,348.8,63.8,158.6,"Rain, Partially cloudy",1033.4,2016-01-25T06:35:34,2016-01-25T17:42:05
2016-01-26,7.2,93.7,35.983,16.67,13.0,40.4,91.9,31.9,"Rain, Overcast",1028.4,2016-01-26T06:35:23,2016-01-26T17:42:44
2016-01-27,9.7,91.6,16.016,16.67,9.4,57.0,91.9,138.0,"Rain, Overcast",1022.4,2016-01-27T06:35:10,2016-01-27T17:43:23
2016-01-28,12.6,93.8,20.997,12.5,9.5,1.9,87.6,102.5,"Rain, Partially cloudy",1017.1,2016-01-28T06:34:57,2016-01-28T17:44:02
2016-01-29,15.8,90.4,0.101,8.33,11.2,301.7,90.3,70.2,"Rain, Overcast",1017.2,2016-01-29T06:34:41,2016-01-29T17:44:40
2016-01-30,15.3,94.1,0.326,8.33,16.6,37.6,91.9,41.1,"Rain, Overcast",1018.3,2016-01-30T06:34:25,2016-01-30T17:45:18
2016-01-31,15.6,95.7,0.805,12.5,16.6,22.0,91.9,36.6,"Rain, Overcast",1016.6,2016-01-31T06:34:08,2016-01-31T17:45:56
2016-02-01,14.6,73.0,2.992,8.33,22.3,32.5,93.9,30.5,"Rain, Overcast",1022.5,2016-02-01T06:33:49,2016-02-01T17:46:33
2016-02-02,13.4,62.0,0.0,0.0,18.4,43.1,84.3,73.3,Partially cloudy,1024.9,2016-02-02T06:33:29,2016-02-02T17:47:10
2016-02-03,13.3,65.4,0.0,0.0,16.6,70.3,82.2,105.2,Partially cloudy,1022.3,2016-02-03T06:33:07,2016-02-03T17:47:46
2016-02-04,12.7,85.7,0.098,4.17,16.6,11.7,91.9,56.1,"Rain, Overcast",1022.7,2016-02-04T06:32:45,2016-02-04T17:48:22
2016-02-05,14.4,78.1,0.0,0.0,16.6,347.1,72.1,107.3,Partially cloudy,1023.4,2016-02-05T06:32:21,2016-02-05T17:48:58
2016-02-06,16.3,50.9,0.0,0.0,24.1,27.4,33.3,207.8,Partially cloudy,1027.2,2016-02-06T06:31:56,2016-02-06T17:49:33
2016-02-07,14.8,62.6,0.0,0.0,13.0,342.3,0.8,232.3,Clear,1027.4,2016-02-07T06:31:30,2016-02-07T17:50:07
2016-02-08,15.0,65.3,0.0,0.0,13.0,97.4,1.1,237.9,Clear,1023.3,2016-02-08T06:31:02,2016-02-08T17:50:41
2016-02-09,15.5,69.1,0.0,0.0,14.8,115.9,0.5,230.0,Clear,1019.2,2016-02-09T06:30:34,2016-02-09T17:51:15
2016-02-10,17.4,86.7,0.0,0.0,20.5,106.0,42.7,172.9,Partially cloudy,1014.5,2016-02-10T06:30:04,2016-02-10T17:51:48
2016-02-11,20.3,85.0,0.0,0.0,18.4,115.6,70.6,172.4,Partially cloudy,1011.0,2016-02-11T06:29:34,2016-02-11T17:52:21
2016-02-12,22.2,81.8,0.0,0.0,13.0,110.7,36.2,223.2,Partially cloudy,1008.5,2016-02-12T06:29:02,2016-02-12T17:52:53
2016-02-13,23.8,71.8,0.0,0.0,13.0,84.0,0.0,238.7,Clear,1008.0,2016-02-13T06:28:29,2016-02-13T17:53:25
2016-02-14,23.4,73.0,0.0,0.0,27.7,68.3,19.1,225.3,Clear,1011.1,2016-02-14T06:27:55,2016-02-14T17:53:56
2016-02-15,15.5,57.3,0.002,4.17,29.5,45.5,87.4,77.0,"Rain, Partially cloudy",1023.6,2016-02-15T06:27:21,2016-02-15T17:54:27
2016-02-16,14.0,62.8,0.005,4.17,20.5,27.5,85.3,90.9,"Rain, Partially cloudy",1025.6,2016-02-16T06:26:45,2016-02-16T17:54:57
2016-02-17,15.3,67.2,0.098,4.17,10.5,35.5,85.0,106.8,"Rain, Partially cloudy",1023.4,2016-02-17T06:26:08,2016-02-17T17:55:27
2016-02-18,16.4,69.2,0.0,0.0,11.2,295.0,77.7,108.6,Partially cloudy,1020.8,2016-02-18T06:25:30,2016-02-18T17:55:56
2016-02-19,16.7,79.7,0.2,8.33,16.6,3.5,68.6,37.9,"Rain, Partially cloudy",1020.2,2016-02-19T06:24:52,2016-02-19T17:56:25
2016-02-20,18.3,63.0,0.005,4.17,14.8,6.3,59.9,60.8,"Rain, Partially cloudy",1024.0,2016-02-20T06:24:12,2016-02-20T17:56:53
2016-02-21,18.3,67.9,0.0,0.0,22.3,122.7,36.1,190.7,Partially cloudy,1018.3,2016-02-21T06:23:32,2016-02-21T17:57:21
2016-02-22,18.0,87.9,0.4,12.5,16.6,52.9,61.0,88.3,"Rain, Partially cloudy",1018.3,2016-02-22T06:22:51,2016-02-22T17:57:48
2016-02-23,16.2,84.6,0.445,8.33,22.3,31.0,86.3,38.3,"Rain, Partially cloudy",1021.9,2016-02-23T06:22:09,2016-02-23T17:58:15
2016-02-24,14.2,72.1,0.105,8.33,20.5,22.6,90.5,34.3,"Rain, Overcast",1028.4,2016-02-24T06:21:26,2016-02-24T17:58:41
2016-02-25,13.9,68.8,0.0,0.0,20.5,8.5,92.9,49.6,Overcast,1030.1,2016-02-25T06:20:42,2016-02-25T17:59:07
2016-02-26,13.9,73.5,0.197,4.17,18.4,350.5,78.5,49.5,"Rain, Partially cloudy",1029.6,2016-02-26T06:19:58,2016-02-26T17:59:33
2016-02-27,14.9,79.3,0.002,4.17,18.4,304.7,43.8,194.9,"Rain, Partially cloudy",1025.8,2016-02-27T06:19:13,2016-02-27T17:59:58
2016-02-28,17.7,72.4,0.0,0.0,11.2,17.8,23.0,195.7,Partially cloudy,1024.0,2016-02-28T06:18:27,2016-02-28T18:00:22
2016-02-29,19.3,64.7,0.0,0.0,11.2,29.1,0.2,266.5,Clear,1024.5,2016-02-29T06:17:41,2016-02-29T18:00:47
2016-03-01,19.1,62.8,0.0,0.0,20.5,125.6,31.3,264.8,Partially cloudy,1022.2,2016-03-01T06:16:53,2016-03-01T18:01:10
2016-03-02,19.6,78.0,0.2,8.33,22.3,118.4,39.8,144.0,"Rain, Partially cloudy",1020.9,2016-03-02T06:16:06,2016-03-02T18:01:34
2016-03-03,20.5,82.0,0.2,8.33,18.4,138.0,82.4,106.0,"Rain, Partially cloudy",1018.5,2016-03-03T06:15:18,2016-03-03T18:01:57
2016-03-04,20.0,87.0,0.8,20.83,20.5,131.2,82.7,78.2,"Rain, Partially cloudy",1015.4,2016-03-04T06:14:29,2016-03-04T18:02:20
2016-03-05,19.6,95.3,0.414,8.33,13.0,112.0,91.9,52.6,"Rain, Overcast",1015.2,2016-03-05T06:13:39,2016-03-05T18:02:42
2016-03-06,20.9,91.7,0.296,8.33,14.8,117.8,90.3,77.6,"Rain, Overcast",1015.1,2016-03-06T06:12:50,2016-03-06T18:03:04
2016-03-07,20.7,94.5,0.0,0.0,18.4,114.5,86.8,107.8,Partially cloudy,1011.1,2016-03-07T06:11:59,2016-03-07T18:03:26
2016-03-08,21.9,96.7,0.312,8.33,14.8,101.3,91.9,194.4,"Rain, Overcast",1008.6,2016-03-08T06:11:08,2016-03-08T18:03:47
2016-03-09,22.9,94.7,0.301,8.33,22.3,109.8,91.8,198.5,"Rain, Overcast",1008.1,2016-03-09T06:10:17,2016-03-09T18:04:08
2016-03-10,20.2,77.4,0.402,8.33,35.3,73.2,92.6,78.2,"Rain, Overcast",1016.2,2016-03-10T06:09:26,2016-03-10T18:04:29
2016-03-11,16.2,62.5,0.6,4.17,20.5,100.8,80.3,166.1,"Rain, Partially cloudy",1021.1,2016-03-11T06:08:34,2016-03-11T18:04:49
2016-03-12,15.3,83.4,0.098,4.17,18.4,127.5,89.9,82.9,"Rain, Partially cloudy",1015.4,2016-03-12T06:07:41,2016-03-12T18:05:10
2016-03-13,16.9,89.5,0.201,12.5,16.6,4.7,75.9,91.9,"Rain, Partially cloudy",1014.6,2016-03-13T06:06:49,2016-03-13T18:05:30
2016-03-14,19.0,72.1,0.0,0.0,22.3,95.0,52.7,217.3,Partially cloudy,1017.5,2016-03-14T06:05:56,2016-03-14T18:05:49
2016-03-15,18.0,81.9,0.0,0.0,18.4,121.6,87.6,159.6,Partially cloudy,1014.0,2016-03-15T06:05:03,2016-03-15T18:06:09
2016-03-16,19.1,89.6,0.098,4.17,9.4,118.2,91.9,101.9,"Rain, Overcast",1011.3,2016-03-16T06:04:09,2016-03-16T18:06:28
2016-03-17,20.5,92.0,0.103,12.5,9.4,93.8,90.3,79.0,"Rain, Overcast",1010.2,2016-03-17T06:03:16,2016-03-17T18:06:47
2016-03-18,22.3,92.7,0.1,8.33,14.8,74.2,91.9,153.6,"Rain, Overcast",1008.9,2016-03-18T06:02:22,2016-03-18T18:07:06
2016-03-19,22.4,97.7,0.79,8.33,11.2,148.6,91.8,85.1,"Rain, Overcast",1009.7,2016-03-19T06:01:28,2016-03-19T18:07:25
2016-03-20,23.5,93.8,0.003,4.17,18.4,117.3,91.2,107.5,"Rain, Overcast",1009.1,2016-03-20T06:00:34,2016-03-20T18:07:44
2016-03-21,23.3,95.3,0.335,12.5,18.4,120.5,91.8,97.5,"Rain, Overcast",1008.6,2016-03-21T05:59:39,2016-03-21T18:08:02
2016-03-22,22.9,97.6,0.214,8.33,14.8,122.0,91.9,76.4,"Rain, Overcast",1008.3,2016-03-22T05:58:45,2016-03-22T18:08:21
2016-03-23,23.9,92.1,0.196,8.33,20.5,74.2,90.6,102.7,"Rain, Overcast",1010.1,2016-03-23T05:57:51,2016-03-23T18:08:39
2016-03-24,18.0,85.2,15.948,12.5,25.9,23.0,87.7,49.5,"Rain, Partially cloudy",1019.6,2016-03-24T05:56:56,2016-03-24T18:08:57
2016-03-25,18.5,68.8,0.954,12.5,18.4,94.0,61.2,205.3,"Rain, Partially cloudy",1024.2,2016-03-25T05:56:02,2016-03-25T18:09:16
2016-03-26,18.2,75.7,0.2,8.33,16.6,118.3,73.7,177.6,"Rain, Partially cloudy",1022.8,2016-03-26T05:55:08,2016-03-26T18:09:34
2016-03-27,18.5,76.7,0.0,0.0,11.2,349.9,33.0,80.7,Partially cloudy,1024.0,2016-03-27T05:54:13,2016-03-27T18:09:52
2016-03-28,18.5,80.8,0.0,0.0,24.1,80.6,44.4,177.3,Partially cloudy,1021.3,2016-03-28T05:53:19,2016-03-28T18:10:10
2016-03-29,18.9,85.8,0.4,16.67,16.6,88.4,84.7,94.9,"Rain, Partially cloudy",1018.8,2016-03-29T05:52:25,2016-03-29T18:10:28
2016-03-30,20.5,88.0,0.196,8.33,11.2,109.8,91.5,90.4,"Rain, Overcast",1016.7,2016-03-30T05:51:31,2016-03-30T18:10:46
2016-03-31,20.8,95.1,0.493,12.5,14.8,136.9,91.9,68.6,"Rain, Overcast",1014.7,2016-03-31T05:50:37,2016-03-31T18:11:04
2016-04-01,21.4,97.4,0.105,8.33,13.0,105.1,91.9,86.5,"Rain, Overcast",1011.7,2016-04-01T05:49:43,2016-04-01T18:11:22
2016-04-02,22.4,99.2,0.717,8.33,16.6,114.9,91.9,79.7,"Rain, Overcast",1011.7,2016-04-02T05:48:50,2016-04-02T18:11:41
2016-04-03,23.9,91.8,0.196,8.33,18.4,120.6,90.1,157.0,"Rain, Overcast",1011.1,2016-04-03T05:47:56,2016-04-03T18:11:59
2016-04-04,24.9,90.5,0.006,8.33,24.1,112.8,89.7,157.0,"Rain, Partially cloudy",1008.5,2016-04-04T05:47:03,2016-04-04T18:12:17
2016-04-05,24.3,94.3,0.196,8.33,20.5,122.7,91.9,217.0,"Rain, Overcast",1007.9,2016-04-05T05:46:10,2016-04-05T18:12:35
2016-04-06,24.1,95.0,0.688,4.17,20.5,118.1,90.3,215.8,"Rain, Overcast",1008.1,2016-04-06T05:45:18,2016-04-06T18:12:54
2016-04-07,24.5,91.9,0.295,4.17,16.6,103.9,89.5,211.1,"Rain, Partially cloudy",1009.1,2016-04-07T05:44:26,2016-04-07T18:13:12
2016-04-08,24.1,96.8,0.103,8.33,18.4,113.3,91.9,112.7,"Rain, Overcast",1010.8,2016-04-08T05:43:34,2016-04-08T18:13:31
2016-04-09,24.6,92.4,10.914,12.5,46.4,126.7,89.6,122.5,"Rain, Partially cloudy",1009.2,2016-04-09T05:42:42,2016-04-09T18:13:50
2016-04-10,25.9,88.1,1.8,4.17,22.3,112.5,53.4,245.4,"Rain, Partially cloudy",1005.3,2016-04-10T05:41:51,2016-04-10T18:14:09
2016-04-11,26.4,82.7,1.9,20.83,16.6,96.3,79.2,88.9,"Rain, Partially cloudy",1006.9,2016-04-11T05:41:01,2016-04-11T18:14:28
2016-04-12,26.6,83.3,0.0,0.0,20.5,128.7,77.5,191.4,Partially cloudy,1004.0,2016-04-12T05:40:10,2016-04-12T18:14:47
2016-04-13,26.7,87.1,0.0,0.0,16.6,106.1,75.4,201.3,Partially cloudy,1002.1,2016-04-13T05:39:21,2016-04-13T18:15:06
2016-04-14,27.0,88.9,0.295,8.33,16.6,107.1,82.7,251.4,"Rain, Partially cloudy",1004.2,2016-04-14T05:38:31,2016-04-14T18:15:26
2016-04-15,26.9,90.4,0.393,8.33,16.6,103.0,91.2,271.1,"Rain, Overcast",1005.1,2016-04-15T05:37:42,2016-04-15T18:15:46
2016-04-16,27.2,86.5,0.0,0.0,20.5,107.1,76.1,290.4,Partially cloudy,1005.8,2016-04-16T05:36:54,2016-04-16T18:16:06
2016-04-17,26.5,89.1,1.965,4.17,25.9,105.4,81.1,263.3,"Rain, Partially cloudy",1007.1,2016-04-17T05:36:06,2016-04-17T18:16:26
2016-04-18,22.5,71.7,10.878,12.5,33.5,40.5,69.5,236.7,"Rain, Partially cloudy",1014.2,2016-04-18T05:35:19,2016-04-18T18:16:46
2016-04-19,23.8,81.9,0.0,0.0,20.5,129.7,49.5,134.3,Partially cloudy,1012.7,2016-04-19T05:34:33,2016-04-19T18:17:06
2016-04-20,24.2,89.7,10.982,8.33,20.5,117.1,78.7,131.2,"Rain, Partially cloudy",1011.1,2016-04-20T05:33:47,2016-04-20T18:17:27
2016-04-21,24.5,92.1,4.913,4.17,18.4,106.5,85.4,109.9,"Rain, Partially cloudy",1009.9,2016-04-21T05:33:02,2016-04-21T18:17:48
2016-04-22,22.8,92.2,12.227,8.33,20.5,72.5,75.3,153.2,"Rain, Partially cloudy",1007.2,2016-04-22T05:32:17,2016-04-22T18:18:09
2016-04-23,24.9,86.7,5.314,8.33,22.3,99.6,66.7,230.3,"Rain, Partially cloudy",1004.9,2016-04-23T05:31:33,2016-04-23T18:18:31
2016-04-24,26.0,86.2,28.437,8.33,18.4,103.9,66.5,154.6,"Rain, Partially cloudy",1005.8,2016-04-24T05:30:50,2016-04-24T18:18:52
2016-04-25,26.4,84.0,19.755,4.17,24.1,103.7,45.3,210.0,"Rain, Partially cloudy",1006.5,2016-04-25T05:30:07,2016-04-25T18:19:14
2016-04-26,27.8,86.1,0.0,0.0,22.3,107.6,57.6,275.7,Partially cloudy,1006.1,2016-04-26T05:29:25,2016-04-26T18:19:36
2016-04-27,27.4,84.0,0.502,4.17,24.1,88.7,82.9,82.3,"Rain, Partially cloudy",1007.6,2016-04-27T05:28:44,2016-04-27T18:19:58
2016-04-28,27.9,79.4,0.098,4.17,14.8,122.7,87.9,132.9,"Rain, Partially cloudy",1009.2,2016-04-28T05:28:04,2016-04-28T18:20:21
2016-04-29,26.0,88.8,1.157,4.17,14.8,116.5,83.4,115.3,"Rain, Partially cloudy",1010.8,2016-04-29T05:27:25,2016-04-29T18:20:43
2016-04-30,26.9,83.5,0.295,4.17,24.1,132.4,74.6,165.2,"Rain, Partially cloudy",1007.7,2016-04-30T05:26:46,2016-04-30T18:21:06
2016-05-01,26.8,86.5,0.0,0.0,22.3,114.4,82.0,236.1,Partially cloudy,1006.3,2016-05-01T05:26:08,2016-05-01T18:21:29
2016-05-02,28.3,86.7,0.0,0.0,20.5,110.2,71.2,259.8,Partially cloudy,1006.4,2016-05-02T05:25:31,2016-05-02T18:21:52
2016-05-03,28.3,88.5,0.098,4.17,22.3,103.5,84.1,241.3,"Rain, Partially cloudy",1008.1,2016-05-03T05:24:55,2016-05-03T18:22:16
2016-05-04,28.7,83.7,0.098,4.17,22.3,133.9,65.2,220.1,"Rain, Partially cloudy",1007.5,2016-05-04T05:24:20,2016-05-04T18:22:40
2016-05-05,29.4,85.2,0.0,0.0,25.9,112.4,67.2,296.1,Partially cloudy,1005.4,2016-05-05T05:23:46,2016-05-05T18:23:04
2016-05-06,29.6,85.8,0.2,4.17,22.3,106.2,69.0,290.4,"Rain, Partially cloudy",1004.9,2016-05-06T05:23:12,2016-05-06T18:23:28
2016-05-07,29.4,85.2,0.1,4.17,27.7,114.4,68.5,291.4,"Rain, Partially cloudy",1005.3,2016-05-07T05:22:40,2016-05-07T18:23:52
2016-05-08,28.8,86.7,0.007,4.17,24.1,119.8,75.8,250.8,"Rain, Partially cloudy",1006.8,2016-05-08T05:22:09,2016-05-08T18:24:17
2016-05-09,29.4,85.1,0.014,4.17,20.5,115.3,79.9,268.8,"Rain, Partially cloudy",1006.0,2016-05-09T05:21:38,2016-05-09T18:24:41
2016-05-10,27.5,82.0,0.07,4.17,25.9,56.4,68.8,153.7,"Rain, Partially cloudy",1008.2,2016-05-10T05:21:09,2016-05-10T18:25:06
2016-05-11,28.4,76.5,0.0,0.0,14.8,136.9,54.0,191.7,Partially cloudy,1007.4,2016-05-11T05:20:40,2016-05-11T18:25:31
2016-05-12,27.4,85.4,0.3,8.33,16.6,96.6,88.3,160.3,"Rain, Partially cloudy",1005.4,2016-05-12T05:20:12,2016-05-12T18:25:56
2016-05-13,27.7,86.8,3.048,8.33,25.9,115.6,79.0,119.6,"Rain, Partially cloudy",1008.5,2016-05-13T05:19:46,2016-05-13T18:26:21
2016-05-14,28.0,82.1,0.8,29.17,22.3,128.7,58.5,204.5,"Rain, Partially cloudy",1010.8,2016-05-14T05:19:21,2016-05-14T18:26:46
2016-05-15,27.4,78.8,0.003,4.17,24.1,57.3,48.2,136.7,"Rain, Partially cloudy",1011.7,2016-05-15T05:18:56,2016-05-15T18:27:12
2016-05-16,26.9,51.2,0.0,0.0,20.5,12.8,48.0,296.4,Partially cloudy,1013.0,2016-05-16T05:18:33,2016-05-16T18:27:37
2016-05-17,26.2,73.1,0.0,0.0,22.3,113.0,33.3,250.3,Partially cloudy,1009.9,2016-05-17T05:18:10,2016-05-17T18:28:03
2016-05-18,27.3,79.3,0.0,0.0,18.4,111.4,60.8,253.3,Partially cloudy,1008.1,2016-05-18T05:17:49,2016-05-18T18:28:28
2016-05-19,29.3,83.6,0.2,8.33,24.1,120.8,68.8,255.9,"Rain, Partially cloudy",1005.2,2016-05-19T05:17:29,2016-05-19T18:28:54
2016-05-20,30.3,76.4,0.9,16.67,22.3,74.1,57.4,119.7,"Rain, Partially cloudy",1002.4,2016-05-20T05:17:10,2016-05-20T18:29:19
2016-05-21,29.0,79.8,1.017,4.17,20.5,319.5,49.5,184.6,"Rain, Partially cloudy",1006.6,2016-05-21T05:16:52,2016-05-21T18:29:45
2016-05-22,27.8,77.0,0.118,12.5,16.6,108.3,81.7,76.2,"Rain, Partially cloudy",1008.2,2016-05-22T05:16:35,2016-05-22T18:30:11
2016-05-23,28.2,80.1,0.098,4.17,18.4,113.6,64.7,110.0,"Rain, Partially cloudy",1007.4,2016-05-23T05:16:19,2016-05-23T18:30:36
2016-05-24,25.9,93.0,38.257,12.5,24.1,59.3,91.9,82.3,"Rain, Overcast",1005.8,2016-05-24T05:16:04,2016-05-24T18:31:01
2016-05-25,26.8,94.6,333.117,12.5,22.3,79.5,87.9,93.6,"Rain, Partially cloudy",1003.5,2016-05-25T05:15:50,2016-05-25T18:31:27
2016-05-26,28.9,91.8,7.86,4.17,22.3,114.2,84.9,148.0,"Rain, Partially cloudy",1003.4,2016-05-26T05:15:38,2016-05-26T18:31:52
2016-05-27,29.0,89.7,11.467,8.33,20.5,112.3,79.7,194.7,"Rain, Partially cloudy",1003.4,2016-05-27T05:15:26,2016-05-27T18:32:17
2016-05-28,28.9,86.3,9.25,8.33,16.6,94.5,50.6,218.5,"Rain, Partially cloudy",1003.0,2016-05-28T05:15:16,2016-05-28T18:32:42
2016-05-29,28.9,87.9,1.081,8.33,24.1,84.9,56.6,193.3,"Rain, Partially cloudy",1004.0,2016-05-29T05:15:06,2016-05-29T18:33:07
2016-05-30,27.9,92.4,0.588,4.17,14.8,46.6,79.3,166.5,"Rain, Partially cloudy",1005.8,2016-05-30T05:14:58,2016-05-30T18:33:31
2016-05-31,31.0,79.0,0.1,4.17,22.3,140.8,32.8,293.5,"Rain, Partially cloudy",1005.7,2016-05-31T05:14:51,2016-05-31T18:33:55
2016-06-01,32.6,72.2,0.0,0.0,18.4,163.6,13.7,308.9,Clear,1005.0,2016-06-01T05:14:45,2016-06-01T18:34:19
2016-06-02,33.3,70.8,0.0,0.0,20.5,189.8,10.2,314.4,Clear,1002.8,2016-06-02T05:14:39,2016-06-02T18:34:43
2016-06-03,33.3,65.9,0.0,0.0,16.6,214.2,20.1,307.7,Partially cloudy,1003.2,2016-06-03T05:14:35,2016-06-03T18:35:06
2016-06-04,31.4,71.4,3.4,25.0,16.6,130.5,67.6,133.6,"Rain, Partially cloudy",1004.7,2016-06-04T05:14:32,2016-06-04T18:35:29
2016-06-05,30.0,79.5,0.014,4.17,24.1,66.1,50.0,264.9,"Rain, Partially cloudy",1005.4,2016-06-05T05:14:31,2016-06-05T18:35:52
2016-06-06,30.1,77.6,0.035,4.17,18.4,101.0,69.3,233.0,"Rain, Partially cloudy",1006.5,2016-06-06T05:14:30,2016-06-06T18:36:14
2016-06-07,29.1,86.2,0.007,4.17,31.7,122.7,62.9,179.4,"Rain, Partially cloudy",1005.3,2016-06-07T05:14:30,2016-06-07T18:36:36
2016-06-08,28.2,89.3,0.459,8.33,9.4,308.7,62.8,129.9,"Rain, Partially cloudy",1004.0,2016-06-08T05:14:31,2016-06-08T18:36:57
2016-06-09,30.0,81.8,0.308,8.33,20.5,97.4,54.8,119.3,"Rain, Partially cloudy",1003.4,2016-06-09T05:14:33,2016-06-09T18:37:18
2016-06-10,30.1,84.0,0.133,8.33,20.5,78.8,65.6,168.4,"Rain, Partially cloudy",1003.1,2016-06-10T05:14:36,2016-06-10T18:37:38
2016-06-11,32.3,74.1,0.2,4.17,14.8,115.1,55.8,237.5,"Rain, Partially cloudy",1001.6,2016-06-11T05:14:40,2016-06-11T18:37:58
2016-06-12,32.9,64.9,0.098,4.17,18.4,205.6,62.7,272.3,"Rain, Partially cloudy",1001.4,2016-06-12T05:14:45,2016-06-12T18:38:18
2016-06-13,33.1,68.9,0.0,0.0,16.6,220.1,54.2,276.8,Partially cloudy,1001.1,2016-06-13T05:14:51,2016-06-13T18:38:36
2016-06-14,33.9,64.2,0.0,0.0,18.4,198.7,64.0,295.4,Partially cloudy,999.5,2016-06-14T05:14:58,2016-06-14T18:38:54
2016-06-15,34.0,62.6,0.0,0.0,22.3,193.6,58.6,305.0,Partially cloudy,1000.1,2016-06-15T05:15:06,2016-06-15T18:39:12
2016-06-16,27.2,87.5,6.081,8.33,27.7,4.7,76.2,196.5,"Rain, Partially cloudy",1006.0,2016-06-16T05:15:14,2016-06-16T18:39:28
2016-06-17,29.2,80.0,1.965,4.17,22.3,103.4,68.0,265.9,"Rain, Partially cloudy",1006.4,2016-06-17T05:15:24,2016-06-17T18:39:44
2016-06-18,29.5,83.4,0.3,4.17,20.5,119.9,61.9,289.7,"Rain, Partially cloudy",1006.1,2016-06-18T05:15:34,2016-06-18T18:40:00
2016-06-19,29.8,82.2,4.913,4.17,18.4,121.4,49.9,270.0,"Rain, Partially cloudy",1006.1,2016-06-19T05:15:45,2016-06-19T18:40:14
2016-06-20,30.8,82.7,0.983,4.17,20.5,127.9,58.6,255.6,"Rain, Partially cloudy",1004.6,2016-06-20T05:15:57,2016-06-20T18:40:28
2016-06-21,31.1,79.1,1.3,20.83,29.5,130.1,56.0,261.7,"Rain, Partially cloudy",1005.7,2016-06-21T05:16:10,2016-06-21T18:40:41
2016-06-22,30.7,79.1,0.4,12.5,20.5,126.4,46.7,255.9,"Rain, Partially cloudy",1006.8,2016-06-22T05:16:23,2016-06-22T18:40:53
2016-06-23,29.4,84.2,0.22,8.33,18.4,114.8,43.4,273.4,"Rain, Partially cloudy",1006.0,2016-06-23T05:16:37,2016-06-23T18:41:05
2016-06-24,30.3,80.4,0.052,4.17,20.5,109.1,51.9,243.1,"Rain, Partially cloudy",1005.3,2016-06-24T05:16:52,2016-06-24T18:41:15
2016-06-25,30.7,79.9,4.3,37.5,18.4,109.2,55.7,236.8,"Rain, Partially cloudy",1006.8,2016-06-25T05:17:07,2016-06-25T18:41:25
2016-06-26,31.3,75.2,1.4,29.17,20.5,103.9,47.0,227.9,"Rain, Partially cloudy",1006.7,2016-06-26T05:17:23,2016-06-26T18:41:33
2016-06-27,29.6,86.9,23.75,8.33,22.3,215.7,48.1,205.1,"Rain, Partially cloudy",1005.4,2016-06-27T05:17:40,2016-06-27T18:41:41
2016-06-28,30.9,80.2,0.098,4.17,27.7,97.6,50.3,269.8,"Rain, Partially cloudy",1005.3,2016-06-28T05:17:57,2016-06-28T18:41:48
2016-06-29,29.5,87.2,23.025,12.5,16.6,88.0,61.3,156.2,"Rain, Partially cloudy",1006.3,2016-06-29T05:18:15,2016-06-29T18:41:54
2016-06-30,28.3,93.0,9.896,8.33,18.4,105.1,68.8,131.4,"Rain, Partially cloudy",1005.2,2016-06-30T05:18:34,2016-06-30T18:41:59
2016-07-01,30.1,83.4,0.786,4.17,22.3,135.8,49.8,186.0,"Rain, Partially cloudy",1003.5,2016-07-01T05:18:53,2016-07-01T18:42:03
2016-07-02,29.0,91.2,8.155,4.17,14.8,116.9,66.7,150.6,"Rain, Partially cloudy",1004.1,2016-07-02T05:19:12,2016-07-02T18:42:06
2016-07-03,30.0,82.0,0.295,4.17,13.0,150.0,52.9,124.7,"Rain, Partially cloudy",1003.3,2016-07-03T05:19:32,2016-07-03T18:42:07
2016-07-04,30.7,81.2,0.098,4.17,18.4,114.6,82.8,203.6,"Rain, Partially cloudy",1000.3,2016-07-04T05:19:52,2016-07-04T18:42:08
2016-07-05,27.9,90.1,42.895,8.33,22.3,90.0,75.0,160.3,"Rain, Partially cloudy",1001.3,2016-07-05T05:20:13,2016-07-05T18:42:08
2016-07-06,27.0,90.9,17.228,16.67,24.1,86.7,71.9,98.3,"Rain, Partially cloudy",1004.3,2016-07-06T05:20:34,2016-07-06T18:42:07
2016-07-07,28.4,84.6,2.677,8.33,16.6,73.6,52.5,124.3,"Rain, Partially cloudy",1005.8,2016-07-07T05:20:55,2016-07-07T18:42:04
2016-07-08,30.2,75.6,1.2,25.0,11.2,163.6,39.1,266.2,"Rain, Partially cloudy",1003.5,2016-07-08T05:21:17,2016-07-08T18:42:01
2016-07-09,31.9,74.7,0.1,4.17,22.3,112.3,34.0,275.6,"Rain, Partially cloudy",1000.4,2016-07-09T05:21:39,2016-07-09T18:41:56
2016-07-10,33.0,73.2,0.0,0.0,20.5,114.9,42.4,279.4,Partially cloudy,998.3,2016-07-10T05:22:02,2016-07-10T18:41:51
2016-07-11,32.6,75.7,0.0,0.0,18.4,92.5,52.1,261.5,Partially cloudy,999.2,2016-07-11T05:22:24,2016-07-11T18:41:44
2016-07-12,28.6,84.6,18.668,4.17,14.8,81.4,60.0,199.9,"Rain, Partially cloudy",1000.9,2016-07-12T05:22:47,2016-07-12T18:41:36
2016-07-13,28.9,84.2,1.2,8.33,16.6,75.5,66.4,0.4,"Rain, Partially cloudy",1001.3,2016-07-13T05:23:10,2016-07-13T18:41:27
2016-07-14,28.7,85.4,28.493,8.33,20.5,93.6,74.2,145.3,"Rain, Partially cloudy",1002.6,2016-07-14T05:23:33,2016-07-14T18:41:17
2016-07-15,30.1,79.1,0.3,12.5,18.4,98.1,58.7,210.5,"Rain, Partially cloudy",1003.8,2016-07-15T05:23:56,2016-07-15T18:41:06
2016-07-16,31.3,73.9,1.965,4.17,22.3,93.7,44.9,269.8,"Rain, Partially cloudy",1004.5,2016-07-16T05:24:19,2016-07-16T18:40:54
2016-07-17,30.9,72.5,12.948,4.17,20.5,102.1,84.1,284.6,"Rain, Partially cloudy",1004.4,2016-07-17T05:24:43,2016-07-17T18:40:40
2016-07-18,32.7,69.8,0.0,0.0,20.5,158.0,73.6,278.2,Partially cloudy,1002.2,2016-07-18T05:25:06,2016-07-18T18:40:25
2016-07-19,31.5,70.7,0.157,4.17,20.5,128.9,68.0,282.9,"Rain, Partially cloudy",1001.8,2016-07-19T05:25:30,2016-07-19T18:40:10
2016-07-20,31.3,71.4,0.4,12.5,33.5,140.8,59.9,249.5,"Rain, Partially cloudy",1004.0,2016-07-20T05:25:54,2016-07-20T18:39:53
2016-07-21,30.6,73.9,1.4,12.5,29.5,143.0,57.1,221.2,"Rain, Partially cloudy",1006.8,2016-07-21T05:26:17,2016-07-21T18:39:35
2016-07-22,29.5,76.2,0.005,4.17,25.9,126.3,60.0,223.7,"Rain, Partially cloudy",1007.9,2016-07-22T05:26:41,2016-07-22T18:39:16
2016-07-23,29.9,78.5,0.1,4.17,18.4,128.6,61.3,228.1,"Rain, Partially cloudy",1007.2,2016-07-23T05:27:04,2016-07-23T18:38:56
2016-07-24,29.8,74.6,2.953,4.17,22.3,90.7,33.4,309.0,"Rain, Partially cloudy",1006.8,2016-07-24T05:27:28,2016-07-24T18:38:34
2016-07-25,31.8,72.4,0.3,8.33,18.4,116.5,38.9,273.6,"Rain, Partially cloudy",1007.1,2016-07-25T05:27:51,2016-07-25T18:38:12
2016-07-26,32.2,66.7,0.0,0.0,13.0,84.5,35.3,293.7,Partially cloudy,1005.9,2016-07-26T05:28:14,2016-07-26T18:37:48
2016-07-27,29.9,72.6,0.546,20.83,31.7,35.7,59.2,199.7,"Rain, Partially cloudy",1004.3,2016-07-27T05:28:38,2016-07-27T18:37:24
2016-07-28,25.8,90.1,160.225,25.0,50.0,83.2,88.3,32.8,"Rain, Partially cloudy",1004.5,2016-07-28T05:29:01,2016-07-28T18:36:58
2016-07-29,28.1,85.4,9.962,16.67,20.5,104.7,79.9,144.7,"Rain, Partially cloudy",1008.0,2016-07-29T05:29:24,2016-07-29T18:36:31
2016-07-30,28.9,84.1,0.42,4.17,16.6,94.5,53.2,217.4,"Rain, Partially cloudy",1007.6,2016-07-30T05:29:47,2016-07-30T18:36:04
2016-07-31,30.7,74.6,0.1,4.17,9.4,345.7,25.6,289.1,"Rain, Partially cloudy",1005.4,2016-07-31T05:30:09,2016-07-31T18:35:35
2016-08-01,31.8,71.9,0.1,4.17,13.0,280.3,27.1,294.2,"Rain, Partially cloudy",1002.1,2016-08-01T05:30:32,2016-08-01T18:35:05
2016-08-02,31.8,71.9,0.0,0.0,20.5,282.8,65.9,290.0,Partially cloudy,997.5,2016-08-02T05:30:54,2016-08-02T18:34:34
2016-08-03,27.2,88.6,13.996,12.5,18.4,95.7,82.8,58.0,"Rain, Partially cloudy",1000.3,2016-08-03T05:31:16,2016-08-03T18:34:02
2016-08-04,27.8,88.1,0.238,8.33,24.1,92.4,67.0,168.5,"Rain, Partially cloudy",1003.8,2016-08-04T05:31:38,2016-08-04T18:33:29
2016-08-05,28.8,83.8,14.749,8.33,14.8,77.2,58.5,144.4,"Rain, Partially cloudy",1006.6,2016-08-05T05:32:00,2016-08-05T18:32:55
2016-08-06,30.5,76.1,0.8,25.0,14.8,118.3,41.7,242.0,"Rain, Partially cloudy",1005.2,2016-08-06T05:32:21,2016-08-06T18:32:20
2016-08-07,31.2,75.9,8.6,8.33,20.5,98.1,35.3,276.6,"Rain, Partially cloudy",1002.3,2016-08-07T05:32:42,2016-08-07T18:31:44
2016-08-08,31.1,70.7,3.93,4.17,14.8,275.3,38.7,273.4,"Rain, Partially cloudy",1002.4,2016-08-08T05:33:03,2016-08-08T18:31:08
2016-08-09,31.7,69.7,0.4,8.33,16.6,310.4,41.3,268.3,"Rain, Partially cloudy",1001.1,2016-08-09T05:33:24,2016-08-09T18:30:30
2016-08-10,30.1,78.8,6.878,4.17,14.8,355.9,59.1,213.6,"Rain, Partially cloudy",1001.0,2016-08-10T05:33:45,2016-08-10T18:29:52
2016-08-11,29.1,82.6,0.562,8.33,16.6,310.7,67.6,126.1,"Rain, Partially cloudy",1001.9,2016-08-11T05:34:05,2016-08-11T18:29:12
2016-08-12,28.8,83.1,24.563,8.33,14.8,322.9,72.1,151.3,"Rain, Partially cloudy",1001.5,2016-08-12T05:34:25,2016-08-12T18:28:32
2016-08-13,28.1,86.7,0.308,4.17,14.8,306.7,60.4,141.6,"Rain, Partially cloudy",998.0,2016-08-13T05:34:45,2016-08-13T18:27:51
2016-08-14,27.3,89.7,75.985,16.67,18.4,48.9,77.7,79.7,"Rain, Partially cloudy",997.6,2016-08-14T05:35:04,2016-08-14T18:27:09
2016-08-15,27.7,84.7,0.491,4.17,13.0,316.3,64.0,111.8,"Rain, Partially cloudy",997.7,2016-08-15T05:35:23,2016-08-15T18:26:26
2016-08-16,28.1,88.2,0.915,12.5,22.3,301.1,64.0,76.6,"Rain, Partially cloudy",998.4,2016-08-16T05:35:42,2016-08-16T18:25:42
2016-08-17,28.8,85.8,3.399,12.5,20.5,266.6,71.1,153.5,"Rain, Partially cloudy",996.9,2016-08-17T05:36:01,2016-08-17T18:24:58
2016-08-18,29.1,86.4,35.106,16.67,18.6,287.3,71.0,197.2,"Rain, Partially cloudy",992.9,2016-08-18T05:36:20,2016-08-18T18:24:13
2016-08-19,27.0,87.3,137.955,25.0,46.4,15.3,87.2,33.5,"Rain, Partially cloudy",991.1,2016-08-19T05:36:38,2016-08-19T18:23:27
2016-08-20,27.7,87.8,8.351,8.33,20.5,66.7,68.1,164.3,"Rain, Partially cloudy",1002.2,2016-08-20T05:36:56,2016-08-20T18:22:40
2016-08-21,28.7,85.9,43.231,4.17,14.8,304.0,71.8,228.4,"Rain, Partially cloudy",1003.6,2016-08-21T05:37:14,2016-08-21T18:21:53
2016-08-22,27.2,91.6,64.416,12.5,14.8,304.7,72.2,141.9,"Rain, Partially cloudy",1003.5,2016-08-22T05:37:31,2016-08-22T18:21:05
2016-08-23,28.5,86.0,37.371,8.33,14.8,15.8,60.6,139.7,"Rain, Partially cloudy",1004.6,2016-08-23T05:37:48,2016-08-23T18:20:17
2016-08-24,30.2,77.3,0.3,4.17,11.2,295.8,47.7,265.1,"Rain, Partially cloudy",1003.9,2016-08-24T05:38:05,2016-08-24T18:19:28
2016-08-25,31.3,73.5,0.0,0.0,13.0,295.3,22.9,284.7,Partially cloudy,1004.1,2016-08-25T05:38:22,2016-08-25T18:18:38
2016-08-26,31.4,74.6,3.4,12.5,18.4,21.1,23.1,270.5,"Rain, Partially cloudy",1004.7,2016-08-26T05:38:39,2016-08-26T18:17:48
2016-08-27,29.3,79.8,23.7,66.67,17.3,308.7,65.6,125.5,"Rain, Partially cloudy",1007.3,2016-08-27T05:38:55,2016-08-27T18:16:57
2016-08-28,26.0,93.7,55.163,16.67,18.4,298.9,83.0,193.3,"Rain, Partially cloudy",1007.9,2016-08-28T05:39:11,2016-08-28T18:16:05
2016-08-29,27.3,83.8,0.098,4.17,14.8,261.2,65.9,218.8,"Rain, Partially cloudy",1007.3,2016-08-29T05:39:27,2016-08-29T18:15:14
2016-08-30,28.9,74.6,1.0,8.33,13.0,112.4,27.1,243.4,"Rain, Partially cloudy",1006.9,2016-08-30T05:39:43,2016-08-30T18:14:21
2016-08-31,30.2,80.0,0.6,16.67,14.8,104.5,45.9,218.3,"Rain, Partially cloudy",1004.2,2016-08-31T05:39:59,2016-08-31T18:13:28
2016-09-01,30.0,79.7,1.1,8.33,40.7,39.2,61.8,207.9,"Rain, Partially cloudy",1001.0,2016-09-01T05:40:14,2016-09-01T18:12:35
2016-09-02,28.5,83.1,12.778,12.5,16.6,278.2,80.0,161.6,"Rain, Partially cloudy",1002.6,2016-09-02T05:40:29,2016-09-02T18:11:41
2016-09-03,30.0,78.3,0.145,8.33,9.4,109.8,54.4,195.0,"Rain, Partially cloudy",1002.9,2016-09-03T05:40:45,2016-09-03T18:10:47
2016-09-04,30.0,80.8,0.983,4.17,11.2,45.6,35.3,241.4,"Rain, Partially cloudy",1004.5,2016-09-04T05:41:00,2016-09-04T18:09:53
2016-09-05,29.9,77.8,0.098,4.17,20.5,322.1,39.7,225.9,"Rain, Partially cloudy",1005.1,2016-09-05T05:41:14,2016-09-05T18:08:58
2016-09-06,27.7,91.3,17.699,12.5,13.0,300.3,70.1,86.5,"Rain, Partially cloudy",1005.6,2016-09-06T05:41:29,2016-09-06T18:08:03
2016-09-07,27.1,94.2,15.822,8.33,9.4,343.5,51.7,39.6,"Rain, Partially cloudy",1006.0,2016-09-07T05:41:44,2016-09-07T18:07:07
2016-09-08,27.7,90.8,0.107,12.5,14.8,142.6,66.1,142.0,"Rain, Partially cloudy",1006.6,2016-09-08T05:41:58,2016-09-08T18:06:12
2016-09-09,29.9,84.0,2.6,41.67,16.6,119.9,61.3,136.4,"Rain, Partially cloudy",1005.6,2016-09-09T05:42:13,2016-09-09T18:05:16
2016-09-10,27.4,90.0,0.782,4.17,22.3,13.6,79.5,111.1,"Rain, Partially cloudy",1005.4,2016-09-10T05:42:27,2016-09-10T18:04:19
2016-09-11,26.2,84.8,5.52,12.5,14.8,342.6,92.9,65.4,"Rain, Overcast",1008.3,2016-09-11T05:42:42,2016-09-11T18:03:23
2016-09-12,27.0,84.5,0.119,8.33,14.8,324.2,70.2,121.8,"Rain, Partially cloudy",1010.0,2016-09-12T05:42:56,2016-09-12T18:02:26
2016-09-13,28.4,84.7,0.508,8.33,13.0,353.8,55.8,199.3,"Rain, Partially cloudy",1009.7,2016-09-13T05:43:10,2016-09-13T18:01:30
2016-09-14,29.8,78.3,0.098,4.17,11.2,13.3,55.6,201.9,"Rain, Partially cloudy",1007.5,2016-09-14T05:43:25,2016-09-14T18:00:33
2016-09-15,29.9,83.2,1.0,16.67,12.6,323.5,30.8,232.2,"Rain, Partially cloudy",1006.2,2016-09-15T05:43:39,2016-09-15T17:59:36
2016-09-16,30.2,75.8,0.0,0.0,14.8,330.4,23.7,242.8,Partially cloudy,1006.5,2016-09-16T05:43:53,2016-09-16T17:58:39
2016-09-17,29.7,77.6,0.884,4.17,16.6,8.8,24.5,238.7,"Rain, Partially cloudy",1006.9,2016-09-17T05:44:07,2016-09-17T17:57:42
2016-09-18,29.6,77.0,2.0,16.67,14.8,331.9,25.8,235.5,"Rain, Partially cloudy",1007.8,2016-09-18T05:44:22,2016-09-18T17:56:45
2016-09-19,30.1,74.9,0.4,12.5,13.0,15.5,24.0,224.6,"Rain, Partially cloudy",1008.0,2016-09-19T05:44:36,2016-09-19T17:55:47
2016-09-20,29.0,68.6,3.046,8.33,13.0,23.3,28.5,220.5,"Rain, Partially cloudy",1011.0,2016-09-20T05:44:51,2016-09-20T17:54:50
2016-09-21,29.3,54.7,0.0,0.0,20.5,16.0,52.4,237.8,Partially cloudy,1014.0,2016-09-21T05:45:05,2016-09-21T17:53:53
2016-09-22,28.5,63.0,0.0,0.0,13.0,1.6,36.6,199.9,Partially cloudy,1012.5,2016-09-22T05:45:20,2016-09-22T17:52:56
2016-09-23,28.2,72.7,4.6,25.0,13.0,50.8,44.0,135.1,"Rain, Partially cloudy",1010.2,2016-09-23T05:45:35,2016-09-23T17:51:59
2016-09-24,26.5,91.5,41.33,16.67,11.2,5.4,87.0,77.0,"Rain, Partially cloudy",1009.1,2016-09-24T05:45:50,2016-09-24T17:51:03
2016-09-25,28.1,82.7,0.035,4.17,13.0,130.8,55.0,185.3,"Rain, Partially cloudy",1008.9,2016-09-25T05:46:05,2016-09-25T17:50:06
2016-09-26,29.3,77.3,0.2,8.33,14.8,129.4,27.1,222.4,"Rain, Partially cloudy",1008.0,2016-09-26T05:46:20,2016-09-26T17:49:09
2016-09-27,30.5,73.8,0.0,0.0,11.2,2.9,21.0,246.8,Partially cloudy,1006.4,2016-09-27T05:46:35,2016-09-27T17:48:13
2016-09-28,30.9,76.2,2.0,12.5,20.5,320.7,22.4,215.1,"Rain, Partially cloudy",1005.4,2016-09-28T05:46:51,2016-09-28T17:47:17
2016-09-29,30.8,63.4,0.0,0.0,18.4,349.9,39.9,233.6,Partially cloudy,1005.6,2016-09-29T05:47:07,2016-09-29T17:46:21
2016-09-30,29.2,66.9,12.906,8.33,27.7,106.9,55.3,230.9,"Rain, Partially cloudy",1007.5,2016-09-30T05:47:23,2016-09-30T17:45:26
2016-10-01,28.1,67.9,0.197,4.17,14.8,81.6,53.3,221.9,"Rain, Partially cloudy",1009.9,2016-10-01T05:47:39,2016-10-01T17:44:30
2016-10-02,28.2,65.8,0.0,0.0,11.2,36.4,28.7,216.6,Partially cloudy,1010.2,2016-10-02T05:47:55,2016-10-02T17:43:36
2016-10-03,28.9,65.8,0.0,0.0,13.0,336.0,30.2,217.8,Partially cloudy,1008.5,2016-10-03T05:48:12,2016-10-03T17:42:41
2016-10-04,29.8,69.3,0.035,4.17,13.0,344.6,34.9,226.6,"Rain, Partially cloudy",1007.4,2016-10-04T05:48:29,2016-10-04T17:41:47
2016-10-05,28.0,82.7,12.86,8.33,14.8,306.8,46.5,191.1,"Rain, Partially cloudy",1008.5,2016-10-05T05:48:47,2016-10-05T17:40:53
2016-10-06,29.1,65.9,0.2,8.33,18.4,32.5,13.1,231.6,Rain,1009.7,2016-10-06T05:49:04,2016-10-06T17:40:00
2016-10-07,28.5,68.5,0.0,0.0,13.0,315.4,14.0,249.9,Clear,1009.1,2016-10-07T05:49:22,2016-10-07T17:39:07
2016-10-08,28.8,68.3,0.0,0.0,11.2,350.8,15.7,234.0,Clear,1009.6,2016-10-08T05:49:40,2016-10-08T17:38:14
2016-10-09,29.5,63.3,0.002,4.17,16.6,73.9,19.8,210.0,Rain,1009.4,2016-10-09T05:49:59,2016-10-09T17:37:22
2016-10-10,28.9,67.2,0.1,4.17,16.6,107.1,33.7,190.7,"Rain, Partially cloudy",1009.5,2016-10-10T05:50:18,2016-10-10T17:36:31
2016-10-11,28.5,70.2,0.1,4.17,16.6,70.7,26.8,163.5,"Rain, Partially cloudy",1010.1,2016-10-11T05:50:38,2016-10-11T17:35:40
2016-10-12,29.1,61.0,0.0,0.0,16.6,40.4,35.3,205.2,Partially cloudy,1011.5,2016-10-12T05:50:57,2016-10-12T17:34:50
2016-10-13,25.7,69.1,0.126,8.33,18.4,353.1,51.7,74.7,"Rain, Partially cloudy",1013.0,2016-10-13T05:51:18,2016-10-13T17:34:00
2016-10-14,25.9,68.1,0.133,8.33,14.8,328.3,59.5,39.1,"Rain, Partially cloudy",1011.9,2016-10-14T05:51:38,2016-10-14T17:33:12
2016-10-15,24.5,90.8,5.31,12.5,14.8,310.7,68.1,57.9,"Rain, Partially cloudy",1012.0,2016-10-15T05:51:59,2016-10-15T17:32:23
2016-10-16,27.7,74.8,0.003,4.17,13.0,323.2,32.2,198.5,"Rain, Partially cloudy",1012.0,2016-10-16T05:52:21,2016-10-16T17:31:36
2016-10-17,28.8,65.5,0.0,0.0,22.3,8.9,28.4,221.3,Partially cloudy,1009.6,2016-10-17T05:52:43,2016-10-17T17:30:49
2016-10-18,28.9,50.1,0.01,4.17,22.3,341.9,84.3,203.7,"Rain, Partially cloudy",1006.8,2016-10-18T05:53:05,2016-10-18T17:30:03
2016-10-19,27.9,54.3,0.198,12.5,25.9,326.1,92.5,30.1,"Rain, Overcast",1003.6,2016-10-19T05:53:28,2016-10-19T17:29:17
2016-10-20,28.2,64.4,0.0,0.0,14.8,86.9,24.7,211.8,Partially cloudy,1004.2,2016-10-20T05:53:51,2016-10-20T17:28:33
2016-10-21,28.7,70.1,0.0,0.0,14.8,27.5,52.6,193.7,Partially cloudy,1004.6,2016-10-21T05:54:15,2016-10-21T17:27:49
2016-10-22,29.6,74.1,0.9,25.0,13.0,93.1,59.0,156.6,"Rain, Partially cloudy",1006.6,2016-10-22T05:54:40,2016-10-22T17:27:06
2016-10-23,29.0,77.3,5.1,37.5,14.8,134.4,51.9,116.4,"Rain, Partially cloudy",1007.9,2016-10-23T05:55:04,2016-10-23T17:26:24
2016-10-24,28.9,75.8,0.069,8.33,18.4,118.4,42.1,141.3,"Rain, Partially cloudy",1008.4,2016-10-24T05:55:30,2016-10-24T17:25:43
2016-10-25,26.3,93.3,0.535,12.5,14.8,102.8,69.8,108.6,"Rain, Partially cloudy",1010.4,2016-10-25T05:55:56,2016-10-25T17:25:03
2016-10-26,27.8,86.4,4.923,8.33,16.6,125.0,52.0,157.7,"Rain, Partially cloudy",1013.1,2016-10-26T05:56:22,2016-10-26T17:24:24
2016-10-27,28.2,78.7,0.1,4.17,16.6,129.8,23.9,177.7,"Rain, Partially cloudy",1014.4,2016-10-27T05:56:49,2016-10-27T17:23:46
2016-10-28,28.1,75.7,0.0,0.0,16.6,122.7,25.6,147.3,Partially cloudy,1013.7,2016-10-28T05:57:16,2016-10-28T17:23:09
2016-10-29,27.7,76.9,1.965,4.17,20.5,73.2,37.7,164.3,"Rain, Partially cloudy",1015.4,2016-10-29T05:57:44,2016-10-29T17:22:32
2016-10-30,22.3,79.8,3.957,8.33,22.3,17.6,75.1,47.0,"Rain, Partially cloudy",1019.2,2016-10-30T05:58:13,2016-10-30T17:21:57
2016-10-31,21.5,97.2,7.862,8.33,16.6,349.1,91.9,42.9,"Rain, Overcast",1019.5,2016-10-31T05:58:42,2016-10-31T17:21:23
2016-11-01,22.2,80.9,4.2,41.67,18.4,2.9,92.8,37.7,"Rain, Overcast",1020.0,2016-11-01T05:59:11,2016-11-01T17:20:50
2016-11-02,22.1,68.3,0.0,0.0,16.6,11.4,83.9,68.8,Partially cloudy,1021.2,2016-11-02T05:59:42,2016-11-02T17:20:18
2016-11-03,22.8,63.9,0.0,0.0,16.6,355.1,49.7,190.0,Partially cloudy,1019.7,2016-11-03T06:00:12,2016-11-03T17:19:48
2016-11-04,23.3,70.5,0.0,0.0,9.4,1.3,16.3,195.6,Clear,1015.1,2016-11-04T06:00:43,2016-11-04T17:19:18
2016-11-05,24.3,75.0,0.0,0.0,20.5,113.8,39.0,184.2,Partially cloudy,1010.7,2016-11-05T06:01:15,2016-11-05T17:18:50
2016-11-06,25.1,79.8,0.4,12.5,11.2,109.0,50.1,116.4,"Rain, Partially cloudy",1012.4,2016-11-06T06:01:47,2016-11-06T17:18:22
2016-11-07,25.5,91.4,0.235,8.33,11.2,49.4,84.3,50.0,"Rain, Partially cloudy",1014.3,2016-11-07T06:02:20,2016-11-07T17:17:56
2016-11-08,23.4,88.3,2.066,12.5,31.7,23.2,85.3,23.4,"Rain, Partially cloudy",1016.4,2016-11-08T06:02:53,2016-11-08T17:17:31
2016-11-09,16.9,91.1,3.133,8.33,20.5,7.8,94.5,17.5,"Rain, Overcast",1021.0,2016-11-09T06:03:26,2016-11-09T17:17:08
2016-11-10,16.2,92.8,4.914,8.33,16.6,24.9,91.8,30.5,"Rain, Overcast",1022.5,2016-11-10T06:04:00,2016-11-10T17:16:46
2016-11-11,19.2,69.0,0.7,12.5,11.2,38.1,79.4,159.7,"Rain, Partially cloudy",1018.4,2016-11-11T06:04:35,2016-11-11T17:16:25
2016-11-12,21.8,85.6,0.0,0.0,9.4,64.0,85.8,149.9,Partially cloudy,1015.9,2016-11-12T06:05:10,2016-11-12T17:16:05
2016-11-13,24.2,85.0,0.133,4.17,20.5,216.4,78.3,126.5,"Rain, Partially cloudy",1014.3,2016-11-13T06:05:45,2016-11-13T17:15:46
2016-11-14,26.1,84.3,0.0,0.0,14.8,141.1,86.3,135.8,Partially cloudy,1013.1,2016-11-14T06:06:21,2016-11-14T17:15:29
2016-11-15,26.8,79.0,0.9,29.17,14.8,125.8,60.1,123.5,"Rain, Partially cloudy",1014.5,2016-11-15T06:06:57,2016-11-15T17:15:13
2016-11-16,26.1,71.7,0.1,4.17,16.6,129.9,43.3,136.0,"Rain, Partially cloudy",1015.0,2016-11-16T06:07:34,2016-11-16T17:14:59
2016-11-17,25.6,74.7,0.1,4.17,14.8,115.1,43.8,142.9,"Rain, Partially cloudy",1014.6,2016-11-17T06:08:11,2016-11-17T17:14:46
2016-11-18,25.7,70.0,0.5,16.67,9.4,96.8,35.9,136.7,"Rain, Partially cloudy",1012.3,2016-11-18T06:08:48,2016-11-18T17:14:34
2016-11-19,26.5,72.4,0.6,16.67,13.0,100.0,43.0,129.1,"Rain, Partially cloudy",1011.0,2016-11-19T06:09:25,2016-11-19T17:14:24
2016-11-20,26.8,70.9,0.2,8.33,11.2,299.2,31.3,127.2,"Rain, Partially cloudy",1010.7,2016-11-20T06:10:03,2016-11-20T17:14:15
2016-11-21,27.4,72.2,0.8,25.0,13.0,128.5,47.0,131.2,"Rain, Partially cloudy",1009.9,2016-11-21T06:10:41,2016-11-21T17:14:07
2016-11-22,27.4,71.8,1.0,33.33,16.6,124.7,53.1,113.3,"Rain, Partially cloudy",1010.1,2016-11-22T06:11:20,2016-11-22T17:14:00
2016-11-23,26.6,67.4,0.002,4.17,25.9,83.1,65.4,56.0,"Rain, Partially cloudy",1012.8,2016-11-23T06:11:58,2016-11-23T17:13:55
2016-11-24,18.5,54.8,0.9,25.0,24.1,37.6,91.9,36.4,"Rain, Overcast",1017.9,2016-11-24T06:12:37,2016-11-24T17:13:52
2016-11-25,18.3,62.9,0.0,0.0,20.5,34.7,91.2,51.3,Overcast,1015.9,2016-11-25T06:13:16,2016-11-25T17:13:50
2016-11-26,18.4,63.3,0.5,16.67,22.3,18.4,81.3,45.3,"Rain, Partially cloudy",1018.8,2016-11-26T06:13:55,2016-11-26T17:13:49
2016-11-27,19.4,43.9,0.0,0.0,18.4,24.8,8.7,197.8,Clear,1018.1,2016-11-27T06:14:34,2016-11-27T17:13:49
2016-11-28,18.7,52.2,0.0,0.0,18.4,44.9,0.1,200.0,Clear,1020.2,2016-11-28T06:15:13,2016-11-28T17:13:51
2016-11-29,19.4,51.1,0.0,0.0,16.6,16.0,68.7,123.3,Partially cloudy,1022.0,2016-11-29T06:15:52,2016-11-29T17:13:54
2016-11-30,20.9,41.6,0.0,0.0,20.5,8.3,93.0,58.7,Overcast,1023.6,2016-11-30T06:16:31,2016-11-30T17:13:59
2016-12-01,19.8,45.9,0.0,0.0,24.1,10.0,28.1,189.5,Partially cloudy,1023.0,2016-12-01T06:17:11,2016-12-01T17:14:05
2016-12-02,21.3,44.8,0.0,0.0,16.6,31.6,41.7,158.1,Partially cloudy,1021.9,2016-12-02T06:17:50,2016-12-02T17:14:12
2016-12-03,21.9,52.3,0.0,0.0,9.4,337.6,62.8,85.9,Partially cloudy,1020.5,2016-12-03T06:18:29,2016-12-03T17:14:21
2016-12-04,22.9,57.8,0.0,0.0,11.2,325.2,52.3,109.1,Partially cloudy,1018.7,2016-12-04T06:19:07,2016-12-04T17:14:31
2016-12-05,23.2,64.5,0.4,16.67,11.2,343.3,38.7,164.8,"Rain, Partially cloudy",1018.1,2016-12-05T06:19:46,2016-12-05T17:14:42
2016-12-06,23.3,43.8,0.0,0.0,22.3,28.0,35.8,172.0,Partially cloudy,1021.1,2016-12-06T06:20:24,2016-12-06T17:14:55
2016-12-07,20.2,42.6,0.0,0.0,16.6,44.3,6.3,191.5,Clear,1019.1,2016-12-07T06:21:02,2016-12-07T17:15:08
2016-12-08,20.3,50.1,0.0,0.0,11.2,314.2,13.3,193.4,Clear,1016.9,2016-12-08T06:21:40,2016-12-08T17:15:23
2016-12-09,20.6,56.2,0.0,0.0,18.4,105.1,1.8,194.1,Clear,1014.4,2016-12-09T06:22:18,2016-12-09T17:15:40
2016-12-10,20.4,57.0,0.0,0.0,13.0,84.2,1.4,189.8,Clear,1015.3,2016-12-10T06:22:55,2016-12-10T17:15:57
2016-12-11,20.8,62.3,0.0,0.0,16.6,153.8,1.1,176.2,Clear,1013.9,2016-12-11T06:23:32,2016-12-11T17:16:16
2016-12-12,23.6,67.6,0.2,4.17,20.5,145.5,40.0,179.2,"Rain, Partially cloudy",1010.9,2016-12-12T06:24:08,2016-12-12T17:16:36
2016-12-13,24.8,72.3,6.0,70.83,14.8,129.9,58.1,67.1,"Rain, Partially cloudy",1012.6,2016-12-13T06:24:44,2016-12-13T17:16:57
2016-12-14,21.9,68.5,3.6,66.67,22.3,41.8,87.6,36.2,"Rain, Partially cloudy",1016.9,2016-12-14T06:25:19,2016-12-14T17:17:19
2016-12-15,17.2,65.8,2.948,8.33,20.5,14.1,91.9,19.1,"Rain, Overcast",1022.8,2016-12-15T06:25:54,2016-12-15T17:17:42
2016-12-16,18.1,50.5,0.0,0.0,18.4,26.4,65.2,28.0,Partially cloudy,1025.2,2016-12-16T06:26:28,2016-12-16T17:18:07
2016-12-17,18.4,54.3,0.0,0.0,14.8,104.2,27.1,181.8,Partially cloudy,1021.3,2016-12-17T06:27:01,2016-12-17T17:18:32
2016-12-18,19.3,78.4,0.002,4.17,11.2,67.1,68.1,73.4,"Rain, Partially cloudy",1019.3,2016-12-18T06:27:34,2016-12-18T17:18:58
2016-12-19,21.2,86.9,0.0,0.0,7.6,62.4,83.0,63.2,Partially cloudy,1015.9,2016-12-19T06:28:06,2016-12-19T17:19:26
2016-12-20,23.1,91.9,0.4,16.67,22.3,134.7,88.3,88.1,"Rain, Partially cloudy",1013.9,2016-12-20T06:28:37,2016-12-20T17:19:54
2016-12-21,24.6,86.2,1.3,37.5,14.8,125.3,68.5,108.2,"Rain, Partially cloudy",1014.8,2016-12-21T06:29:08,2016-12-21T17:20:23
2016-12-22,21.3,77.4,0.919,8.33,25.9,52.4,69.6,51.1,"Rain, Partially cloudy",1018.1,2016-12-22T06:29:38,2016-12-22T17:20:54
2016-12-23,21.3,64.8,0.0,0.0,13.0,55.0,46.0,129.5,Partially cloudy,1017.5,2016-12-23T06:30:07,2016-12-23T17:21:25
2016-12-24,21.6,86.2,0.098,4.17,18.4,131.3,71.6,69.4,"Rain, Partially cloudy",1015.7,2016-12-24T06:30:35,2016-12-24T17:21:57
2016-12-25,23.1,90.8,0.2,8.33,18.4,128.8,78.9,96.2,"Rain, Partially cloudy",1014.5,2016-12-25T06:31:02,2016-12-25T17:22:29
2016-12-26,24.1,80.9,1.8,33.33,24.1,109.6,71.4,90.7,"Rain, Partially cloudy",1015.2,2016-12-26T06:31:28,2016-12-26T17:23:03
2016-12-27,19.3,53.4,2.947,8.33,22.3,14.1,91.5,41.5,"Rain, Overcast",1022.1,2016-12-27T06:31:53,2016-12-27T17:23:37
2016-12-28,17.3,55.5,0.0,0.0,16.6,18.5,6.7,193.2,Clear,1022.3,2016-12-28T06:32:17,2016-12-28T17:24:12
2016-12-29,17.4,59.9,0.0,0.0,18.4,8.8,7.6,194.7,Clear,1024.2,2016-12-29T06:32:40,2016-12-29T17:24:47
2016-12-30,17.8,60.2,0.0,0.0,13.0,29.2,21.9,171.2,Partially cloudy,1023.4,2016-12-30T06:33:02,2016-12-30T17:25:23
2016-12-31,18.6,64.9,0.0,0.0,9.4,335.8,36.5,97.9,Partially cloudy,1022.0,2016-12-31T06:33:23,2016-12-31T17:26:00
2017-01-01,18.0,88.0,0.133,8.33,13.0,307.1,78.0,42.3,"Rain, Partially cloudy",1020.9,2017-01-01T06:33:42,2017-01-01T17:26:36
2017-01-02,20.0,85.7,0.098,4.17,8.5,303.5,65.6,83.1,"Rain, Partially cloudy",1019.9,2017-01-02T06:34:01,2017-01-02T17:27:14
2017-01-03,22.5,82.6,0.0,0.0,9.4,315.2,57.5,117.0,Partially cloudy,1018.5,2017-01-03T06:34:19,2017-01-03T17:27:52
2017-01-04,22.4,77.0,0.0,0.0,15.7,116.4,55.6,132.5,Partially cloudy,1016.9,2017-01-04T06:34:35,2017-01-04T17:28:30
2017-01-05,20.5,84.1,2.3,16.67,14.8,293.5,54.6,67.5,"Rain, Partially cloudy",1016.2,2017-01-05T06:34:50,2017-01-05T17:29:09
2017-01-06,21.1,85.5,0.0,0.0,11.2,300.7,38.6,67.1,Partially cloudy,1014.2,2017-01-06T06:35:04,2017-01-06T17:29:49
2017-01-07,22.6,80.8,0.0,0.0,12.1,223.1,37.1,127.2,Partially cloudy,1011.9,2017-01-07T06:35:17,2017-01-07T17:30:28
2017-01-08,22.5,88.7,0.0,0.0,14.8,106.4,55.9,107.6,Partially cloudy,1012.4,2017-01-08T06:35:29,2017-01-08T17:31:08
2017-01-09,22.8,89.4,0.5,16.67,18.4,137.9,62.9,74.1,"Rain, Partially cloudy",1013.4,2017-01-09T06:35:39,2017-01-09T17:31:48
2017-01-10,20.8,97.6,15.897,12.5,15.7,84.8,76.3,17.3,"Rain, Partially cloudy",1013.8,2017-01-10T06:35:48,2017-01-10T17:32:29
2017-01-11,20.3,98.7,21.605,16.67,16.6,68.0,77.9,10.8,"Rain, Partially cloudy",1012.8,2017-01-11T06:35:56,2017-01-11T17:33:09
2017-01-12,14.4,95.9,38.184,16.67,24.1,27.3,73.8,13.1,"Rain, Partially cloudy",1015.4,2017-01-12T06:36:02,2017-01-12T17:33:50
2017-01-13,14.7,80.5,7.915,8.33,18.4,22.9,74.1,52.2,"Rain, Partially cloudy",1017.1,2017-01-13T06:36:07,2017-01-13T17:34:30
2017-01-14,16.2,79.9,0.0,0.0,13.9,30.8,85.2,78.6,Partially cloudy,1017.4,2017-01-14T06:36:11,2017-01-14T17:35:11
2017-01-15,16.7,81.6,0.003,4.17,15.7,26.6,77.0,68.5,"Rain, Partially cloudy",1019.5,2017-01-15T06:36:13,2017-01-15T17:35:52
2017-01-16,15.9,91.2,0.211,8.33,13.0,53.0,82.6,43.6,"Rain, Partially cloudy",1018.7,2017-01-16T06:36:15,2017-01-16T17:36:33
2017-01-17,16.5,91.3,0.219,12.5,14.8,47.4,77.7,25.8,"Rain, Partially cloudy",1019.6,2017-01-17T06:36:14,2017-01-17T17:37:13
2017-01-18,17.7,90.3,0.105,8.33,11.2,33.8,74.4,88.0,"Rain, Partially cloudy",1020.1,2017-01-18T06:36:13,2017-01-18T17:37:54
2017-01-19,19.0,96.6,0.098,4.17,13.0,7.6,81.2,47.2,"Rain, Partially cloudy",1019.4,2017-01-19T06:36:10,2017-01-19T17:38:35
2017-01-20,17.9,73.5,0.005,8.33,26.8,50.8,84.5,39.6,"Rain, Partially cloudy",1021.5,2017-01-20T06:36:06,2017-01-20T17:39:15
2017-01-21,15.7,83.4,0.5,12.5,18.4,31.5,88.0,31.9,"Rain, Partially cloudy",1025.1,2017-01-21T06:36:00,2017-01-21T17:39:55
2017-01-22,17.2,71.4,0.0,0.0,10.3,334.6,52.9,133.9,Partially cloudy,1025.7,2017-01-22T06:35:53,2017-01-22T17:40:35
2017-01-23,17.8,77.0,0.0,0.0,12.1,46.1,25.2,142.8,Partially cloudy,1024.1,2017-01-23T06:35:45,2017-01-23T17:41:15
2017-01-24,18.8,76.9,0.0,0.0,10.3,103.0,37.7,196.7,Partially cloudy,1023.0,2017-01-24T06:35:36,2017-01-24T17:41:55
2017-01-25,21.3,74.7,0.7,8.33,11.2,106.7,55.2,78.6,"Rain, Partially cloudy",1024.1,2017-01-25T06:35:25,2017-01-25T17:42:34
2017-01-26,20.8,76.7,0.0,0.0,14.8,144.9,47.2,126.6,Partially cloudy,1022.2,2017-01-26T06:35:13,2017-01-26T17:43:13
2017-01-27,20.1,81.0,0.4,8.33,14.8,118.2,49.5,134.0,"Rain, Partially cloudy",1020.6,2017-01-27T06:34:59,2017-01-27T17:43:52
2017-01-28,20.6,82.8,0.0,0.0,21.4,116.8,33.3,170.0,Partially cloudy,1015.6,2017-01-28T06:34:45,2017-01-28T17:44:30
2017-01-29,21.0,81.6,0.0,0.0,13.9,109.9,70.4,158.6,Partially cloudy,1014.6,2017-01-29T06:34:29,2017-01-29T17:45:08
2017-01-30,21.3,81.9,0.3,12.5,14.8,94.1,37.6,141.2,"Rain, Partially cloudy",1017.2,2017-01-30T06:34:11,2017-01-30T17:45:46
2017-01-31,20.4,84.2,0.0,0.0,14.8,124.0,43.2,101.8,Partially cloudy,1017.3,2017-01-31T06:33:53,2017-01-31T17:46:23
2017-02-01,20.9,87.1,0.6,20.83,11.2,100.4,68.9,104.9,"Rain, Partially cloudy",1019.5,2017-02-01T06:33:33,2017-02-01T17:47:00
2017-02-02,21.2,82.8,0.1,4.17,17.5,175.6,52.7,107.7,"Rain, Partially cloudy",1020.1,2017-02-02T06:33:12,2017-02-02T17:47:37
2017-02-03,20.7,88.2,0.098,4.17,15.7,132.0,77.1,79.0,"Rain, Partially cloudy",1017.2,2017-02-03T06:32:50,2017-02-03T17:48:13
2017-02-04,21.1,89.2,3.938,12.5,13.0,84.9,50.7,118.2,"Rain, Partially cloudy",1014.0,2017-02-04T06:32:26,2017-02-04T17:48:48
2017-02-05,21.0,88.6,0.4,16.67,15.7,117.5,59.3,95.2,"Rain, Partially cloudy",1013.5,2017-02-05T06:32:01,2017-02-05T17:49:24
2017-02-06,20.4,85.3,0.0,0.0,20.5,123.3,78.0,100.0,Partially cloudy,1012.5,2017-02-06T06:31:36,2017-02-06T17:49:58
2017-02-07,22.0,85.1,0.6,20.83,22.3,131.1,64.1,117.7,"Rain, Partially cloudy",1012.2,2017-02-07T06:31:09,2017-02-07T17:50:33
2017-02-08,21.5,80.6,0.295,8.33,28.6,73.8,73.9,74.1,"Rain, Partially cloudy",1014.5,2017-02-08T06:30:40,2017-02-08T17:51:06
2017-02-09,17.3,58.0,0.307,4.17,19.4,38.4,87.3,40.4,"Rain, Partially cloudy",1020.3,2017-02-09T06:30:11,2017-02-09T17:51:40
2017-02-10,15.9,55.2,0.0,0.0,19.4,27.9,78.9,80.4,Partially cloudy,1022.2,2017-02-10T06:29:41,2017-02-10T17:52:12
2017-02-11,15.8,57.9,0.0,0.0,15.7,0.1,52.9,95.1,Partially cloudy,1026.2,2017-02-11T06:29:09,2017-02-11T17:52:45
2017-02-12,16.8,58.5,0.0,0.0,13.0,351.8,28.1,189.6,Partially cloudy,1026.1,2017-02-12T06:28:37,2017-02-12T17:53:17
2017-02-13,17.4,65.0,0.0,0.0,9.4,105.9,17.7,211.7,Clear,1025.5,2017-02-13T06:28:03,2017-02-13T17:53:48
2017-02-14,18.0,79.0,0.0,0.0,11.2,296.5,39.3,124.8,Partially cloudy,1026.2,2017-02-14T06:27:29,2017-02-14T17:54:19
2017-02-15,19.0,82.9,0.0,0.0,11.2,92.8,69.1,96.6,Partially cloudy,1024.2,2017-02-15T06:26:53,2017-02-15T17:54:49
2017-02-16,21.7,78.6,0.1,4.17,18.4,141.1,49.8,136.8,"Rain, Partially cloudy",1019.1,2017-02-16T06:26:17,2017-02-16T17:55:19
2017-02-17,22.0,81.9,0.0,0.0,17.6,129.1,33.6,136.2,Partially cloudy,1019.1,2017-02-17T06:25:39,2017-02-17T17:55:48
2017-02-18,22.0,74.5,0.0,0.0,13.0,132.1,44.2,169.6,Partially cloudy,1020.1,2017-02-18T06:25:01,2017-02-18T17:56:17
2017-02-19,21.6,77.0,0.0,0.0,20.5,118.1,13.6,212.0,Clear,1014.5,2017-02-19T06:24:21,2017-02-19T17:56:45
2017-02-20,22.7,84.9,0.2,8.33,19.4,136.2,76.1,167.1,"Rain, Partially cloudy",1009.8,2017-02-20T06:23:41,2017-02-20T17:57:13
2017-02-21,23.7,89.9,0.6,16.67,22.3,118.7,76.6,153.9,"Rain, Partially cloudy",1011.6,2017-02-21T06:23:00,2017-02-21T17:57:41
2017-02-22,25.2,88.3,0.3,12.5,19.4,126.3,77.2,179.1,"Rain, Partially cloudy",1011.6,2017-02-22T06:22:18,2017-02-22T17:58:08
2017-02-23,20.3,80.4,0.105,8.33,29.7,66.7,83.7,46.0,"Rain, Partially cloudy",1015.3,2017-02-23T06:21:36,2017-02-23T17:58:34
2017-02-24,15.9,61.4,0.087,4.17,22.3,36.5,91.9,54.6,"Rain, Overcast",1021.4,2017-02-24T06:20:52,2017-02-24T17:59:00
2017-02-25,14.5,70.1,0.3,12.5,17.5,8.0,77.4,96.6,"Rain, Partially cloudy",1021.6,2017-02-25T06:20:08,2017-02-25T17:59:26
2017-02-26,17.0,62.5,0.0,0.0,13.0,3.9,60.0,154.3,Partially cloudy,1021.5,2017-02-26T06:19:23,2017-02-26T17:59:51
2017-02-27,18.6,54.5,0.0,0.0,15.7,18.0,87.3,119.6,Partially cloudy,1021.7,2017-02-27T06:18:38,2017-02-27T18:00:16
2017-02-28,18.3,70.8,0.0,0.0,11.2,37.1,83.7,122.0,Partially cloudy,1019.6,2017-02-28T06:17:51,2017-02-28T18:00:40
2017-03-01,16.6,90.8,0.098,4.17,15.7,320.4,68.5,56.0,"Rain, Partially cloudy",1021.5,2017-03-01T06:17:04,2017-03-01T18:01:04
2017-03-02,19.7,71.9,0.0,0.0,16.6,197.3,42.5,182.6,Partially cloudy,1018.7,2017-03-02T06:16:17,2017-03-02T18:01:28
2017-03-03,20.2,74.2,0.0,0.0,17.5,104.5,32.9,197.8,Partially cloudy,1013.2,2017-03-03T06:15:29,2017-03-03T18:01:51
2017-03-04,21.4,89.5,0.2,8.33,17.5,127.7,69.2,126.0,"Rain, Partially cloudy",1010.3,2017-03-04T06:14:40,2017-03-04T18:02:14
2017-03-05,22.8,89.8,0.3,12.5,17.5,130.5,77.0,111.4,"Rain, Partially cloudy",1009.2,2017-03-05T06:13:51,2017-03-05T18:02:36
2017-03-06,22.0,84.2,0.098,4.17,23.2,64.8,75.9,66.8,"Rain, Partially cloudy",1012.0,2017-03-06T06:13:01,2017-03-06T18:02:58
2017-03-07,17.3,94.5,1.411,12.5,18.4,46.6,78.5,43.6,"Rain, Partially cloudy",1014.4,2017-03-07T06:12:11,2017-03-07T18:03:20
2017-03-08,16.6,89.3,4.155,12.5,15.7,34.7,83.2,39.0,"Rain, Partially cloudy",1016.3,2017-03-08T06:11:20,2017-03-08T18:03:41
2017-03-09,16.7,92.9,0.206,8.33,13.9,64.0,76.0,53.7,"Rain, Partially cloudy",1013.6,2017-03-09T06:10:29,2017-03-09T18:04:02
2017-03-10,19.1,89.7,0.395,8.33,7.6,25.4,64.3,142.3,"Rain, Partially cloudy",1010.6,2017-03-10T06:09:38,2017-03-10T18:04:23
2017-03-11,20.4,97.9,0.198,8.33,7.6,58.4,80.0,66.0,"Rain, Partially cloudy",1011.4,2017-03-11T06:08:46,2017-03-11T18:04:44
2017-03-12,22.5,96.3,0.31,8.33,13.9,135.5,76.4,85.3,"Rain, Partially cloudy",1009.8,2017-03-12T06:07:54,2017-03-12T18:05:04
2017-03-13,24.1,95.5,2.072,12.5,14.8,116.9,74.8,179.6,"Rain, Partially cloudy",1008.2,2017-03-13T06:07:01,2017-03-13T18:05:24
2017-03-14,24.7,92.1,0.1,8.33,18.5,94.1,79.8,72.9,"Rain, Partially cloudy",1011.5,2017-03-14T06:06:08,2017-03-14T18:05:44
2017-03-15,19.6,97.2,0.201,8.33,16.6,81.2,80.5,49.7,"Rain, Partially cloudy",1013.4,2017-03-15T06:05:15,2017-03-15T18:06:03
2017-03-16,20.1,99.1,1.642,8.33,13.9,60.4,76.0,51.5,"Rain, Partially cloudy",1012.0,2017-03-16T06:04:22,2017-03-16T18:06:23
2017-03-17,20.4,98.9,3.821,8.33,14.8,67.1,77.8,35.1,"Rain, Partially cloudy",1012.4,2017-03-17T06:03:28,2017-03-17T18:06:42
2017-03-18,23.1,97.1,0.807,12.5,18.5,113.8,76.7,82.1,"Rain, Partially cloudy",1012.7,2017-03-18T06:02:34,2017-03-18T18:07:01
2017-03-19,23.9,96.2,0.511,8.33,23.2,119.5,76.6,83.5,"Rain, Partially cloudy",1012.4,2017-03-19T06:01:40,2017-03-19T18:07:20
2017-03-20,24.9,94.4,0.803,8.33,22.3,131.7,71.2,124.7,"Rain, Partially cloudy",1011.9,2017-03-20T06:00:46,2017-03-20T18:07:39
2017-03-21,24.9,90.9,0.676,8.33,27.0,133.7,72.8,81.9,"Rain, Partially cloudy",1011.1,2017-03-21T05:59:52,2017-03-21T18:07:57
2017-03-22,25.5,91.2,0.688,4.17,21.4,127.8,71.6,169.4,"Rain, Partially cloudy",1009.1,2017-03-22T05:58:58,2017-03-22T18:08:16
2017-03-23,26.2,88.9,1.083,12.5,24.1,133.7,66.0,121.6,"Rain, Partially cloudy",1010.4,2017-03-23T05:58:03,2017-03-23T18:08:34
2017-03-24,26.0,91.7,1.0,25.0,27.7,133.2,75.6,148.3,"Rain, Partially cloudy",1011.5,2017-03-24T05:57:09,2017-03-24T18:08:52
2017-03-25,22.3,86.0,13.7,66.67,31.5,53.0,78.4,47.8,"Rain, Partially cloudy",1015.3,2017-03-25T05:56:15,2017-03-25T18:09:11
2017-03-26,18.9,68.3,1.3,33.33,18.4,15.5,86.5,73.5,"Rain, Partially cloudy",1021.6,2017-03-26T05:55:20,2017-03-26T18:09:29
2017-03-27,19.2,67.4,0.0,0.0,10.3,12.2,85.6,73.3,Partially cloudy,1022.1,2017-03-27T05:54:26,2017-03-27T18:09:47
2017-03-28,20.9,86.1,0.983,4.17,14.8,83.0,67.3,219.1,"Rain, Partially cloudy",1016.4,2017-03-28T05:53:32,2017-03-28T18:10:05
2017-03-29,22.1,95.2,0.002,4.17,16.6,122.1,76.1,86.5,"Rain, Partially cloudy",1015.0,2017-03-29T05:52:37,2017-03-29T18:10:23
2017-03-30,24.4,93.9,0.1,4.17,13.9,119.2,71.4,146.4,"Rain, Partially cloudy",1014.0,2017-03-30T05:51:43,2017-03-30T18:10:41
2017-03-31,21.1,98.3,0.087,4.17,26.8,23.8,59.3,108.2,"Rain, Partially cloudy",1016.2,2017-03-31T05:50:49,2017-03-31T18:10:59
2017-04-01,21.6,72.8,0.0,0.0,17.6,74.3,32.0,286.7,Partially cloudy,1019.9,2017-04-01T05:49:56,2017-04-01T18:11:17
2017-04-02,21.6,70.5,0.0,0.0,14.8,125.0,40.8,175.2,Partially cloudy,1019.5,2017-04-02T05:49:02,2017-04-02T18:11:36
2017-04-03,22.8,80.6,0.0,0.0,22.3,116.5,58.8,184.8,Partially cloudy,1017.0,2017-04-03T05:48:09,2017-04-03T18:11:54
2017-04-04,23.1,91.8,0.1,4.17,23.2,121.8,73.1,150.4,"Rain, Partially cloudy",1014.5,2017-04-04T05:47:16,2017-04-04T18:12:12
2017-04-05,23.4,91.9,0.0,0.0,18.5,124.4,77.3,114.1,Partially cloudy,1011.4,2017-04-05T05:46:23,2017-04-05T18:12:30
2017-04-06,24.7,94.0,0.198,8.33,20.5,113.6,78.7,157.5,"Rain, Partially cloudy",1009.0,2017-04-06T05:45:30,2017-04-06T18:12:49
2017-04-07,25.2,97.9,0.3,12.5,20.5,125.5,74.6,141.9,"Rain, Partially cloudy",1008.7,2017-04-07T05:44:38,2017-04-07T18:13:07
2017-04-08,25.0,100.0,0.0,0.0,18.4,110.4,70.9,223.6,Partially cloudy,1007.2,2017-04-08T05:43:46,2017-04-08T18:13:26
2017-04-09,26.4,95.2,0.0,0.0,20.5,102.6,81.2,275.3,Partially cloudy,1004.5,2017-04-09T05:42:54,2017-04-09T18:13:45
2017-04-10,27.6,91.2,0.0,0.0,13.9,81.0,54.5,282.7,Partially cloudy,1002.2,2017-04-10T05:42:03,2017-04-10T18:14:04
2017-04-11,28.7,87.7,42.6,20.83,21.2,99.9,45.6,285.2,"Rain, Partially cloudy",1003.1,2017-04-11T05:41:12,2017-04-11T18:14:23
2017-04-12,22.9,85.4,0.741,8.33,25.9,50.4,76.6,61.4,"Rain, Partially cloudy",1011.7,2017-04-12T05:40:22,2017-04-12T18:14:42
2017-04-13,23.5,74.8,0.098,4.17,17.6,343.6,81.2,74.2,"Rain, Partially cloudy",1016.3,2017-04-13T05:39:32,2017-04-13T18:15:01
2017-04-14,23.7,84.6,0.1,4.17,18.5,113.9,66.1,174.9,"Rain, Partially cloudy",1012.9,2017-04-14T05:38:43,2017-04-14T18:15:21
2017-04-15,24.7,91.6,0.0,0.0,18.4,117.6,78.8,191.9,Partially cloudy,1010.0,2017-04-15T05:37:54,2017-04-15T18:15:40
2017-04-16,25.9,94.4,0.002,4.17,19.4,123.1,74.8,161.9,"Rain, Partially cloudy",1010.4,2017-04-16T05:37:05,2017-04-16T18:16:00
2017-04-17,26.3,93.6,0.491,4.17,13.0,112.2,77.6,174.0,"Rain, Partially cloudy",1010.7,2017-04-17T05:36:18,2017-04-17T18:16:20
2017-04-18,22.5,97.5,0.509,8.33,19.4,24.6,83.5,143.9,"Rain, Partially cloudy",1009.2,2017-04-18T05:35:30,2017-04-18T18:16:41
2017-04-19,26.2,91.0,0.508,8.33,22.3,112.2,57.2,197.8,"Rain, Partially cloudy",1005.4,2017-04-19T05:34:44,2017-04-19T18:17:01
2017-04-20,28.9,85.4,0.0,0.0,15.7,93.2,48.3,267.3,Partially cloudy,1005.3,2017-04-20T05:33:57,2017-04-20T18:17:22
2017-04-21,27.8,82.2,12.895,4.17,28.6,48.4,57.3,225.5,"Rain, Partially cloudy",1006.3,2017-04-21T05:33:12,2017-04-21T18:17:42
2017-04-22,22.7,70.7,2.975,12.5,21.2,3.0,75.7,232.7,"Rain, Partially cloudy",1013.6,2017-04-22T05:32:27,2017-04-22T18:18:04
2017-04-23,21.4,89.2,3.705,12.5,10.3,52.8,75.2,109.5,"Rain, Partially cloudy",1013.7,2017-04-23T05:31:43,2017-04-23T18:18:25
2017-04-24,22.7,94.6,4.4,33.33,12.1,103.8,77.8,71.9,"Rain, Partially cloudy",1011.1,2017-04-24T05:31:00,2017-04-24T18:18:46
2017-04-25,25.3,89.9,0.7,12.5,13.9,123.4,79.3,183.8,"Rain, Partially cloudy",1008.4,2017-04-25T05:30:17,2017-04-25T18:19:08
2017-04-26,27.1,86.0,2.3,50.0,11.2,47.3,60.4,170.5,"Rain, Partially cloudy",1008.8,2017-04-26T05:29:35,2017-04-26T18:19:30
2017-04-27,23.7,92.7,16.969,12.5,20.5,20.8,69.3,58.3,"Rain, Partially cloudy",1012.9,2017-04-27T05:28:54,2017-04-27T18:19:52
2017-04-28,24.0,65.9,0.1,4.17,11.2,64.9,76.3,145.2,"Rain, Partially cloudy",1015.1,2017-04-28T05:28:13,2017-04-28T18:20:15
2017-04-29,25.0,78.4,0.0,0.0,18.4,128.1,37.1,197.7,Partially cloudy,1013.3,2017-04-29T05:27:34,2017-04-29T18:20:37
2017-04-30,24.8,92.0,0.0,0.0,19.4,105.6,59.0,211.6,Partially cloudy,1009.6,2017-04-30T05:26:55,2017-04-30T18:21:00
2017-05-01,28.0,88.8,0.0,0.0,21.4,124.8,71.7,217.8,Partially cloudy,1008.1,2017-05-01T05:26:17,2017-05-01T18:21:23
2017-05-02,28.6,89.2,0.098,4.17,23.2,124.9,74.8,226.2,"Rain, Partially cloudy",1007.3,2017-05-02T05:25:40,2017-05-02T18:21:46
2017-05-03,28.8,92.5,0.0,0.0,21.4,105.0,77.1,263.0,Partially cloudy,1006.2,2017-05-03T05:25:03,2017-05-03T18:22:10
2017-05-04,29.5,79.7,0.3,4.17,21.2,76.7,63.0,252.3,"Rain, Partially cloudy",1009.4,2017-05-04T05:24:28,2017-05-04T18:22:33
2017-05-05,28.1,81.2,0.5,12.5,16.7,143.2,74.2,158.0,"Rain, Partially cloudy",1012.4,2017-05-05T05:23:54,2017-05-05T18:22:57
2017-05-06,26.9,92.1,0.196,8.33,13.9,129.6,76.0,137.8,"Rain, Partially cloudy",1013.1,2017-05-06T05:23:20,2017-05-06T18:23:21
2017-05-07,28.4,85.0,0.002,4.17,20.5,122.4,67.4,236.8,"Rain, Partially cloudy",1011.0,2017-05-07T05:22:47,2017-05-07T18:23:46
2017-05-08,29.0,86.9,4.1,29.17,23.2,126.5,57.0,194.9,"Rain, Partially cloudy",1008.3,2017-05-08T05:22:16,2017-05-08T18:24:10
2017-05-09,28.0,84.3,0.005,4.17,18.4,102.3,57.9,120.2,"Rain, Partially cloudy",1010.1,2017-05-09T05:21:45,2017-05-09T18:24:35
2017-05-10,28.5,84.7,9.5,25.0,23.2,127.4,56.2,196.0,"Rain, Partially cloudy",1011.7,2017-05-10T05:21:15,2017-05-10T18:24:59
2017-05-11,28.6,85.8,1.979,8.33,23.2,135.8,63.3,238.2,"Rain, Partially cloudy",1011.3,2017-05-11T05:20:46,2017-05-11T18:25:24
2017-05-12,26.0,89.0,6.227,4.17,30.1,78.8,73.7,160.8,"Rain, Partially cloudy",1010.9,2017-05-12T05:20:19,2017-05-12T18:25:49
2017-05-13,27.4,82.7,0.821,4.17,17.5,113.0,58.1,203.8,"Rain, Partially cloudy",1009.3,2017-05-13T05:19:52,2017-05-13T18:26:15
2017-05-14,28.3,83.8,1.9,20.83,16.6,123.7,46.3,208.9,"Rain, Partially cloudy",1007.6,2017-05-14T05:19:26,2017-05-14T18:26:40
2017-05-15,28.1,83.3,11.07,8.33,16.6,37.5,57.6,169.5,"Rain, Partially cloudy",1006.8,2017-05-15T05:19:01,2017-05-15T18:27:05
2017-05-16,28.9,62.5,1.965,4.17,19.4,12.6,70.0,300.7,"Rain, Partially cloudy",1008.9,2017-05-16T05:18:38,2017-05-16T18:27:31
2017-05-17,25.5,83.2,0.8,25.0,13.0,358.3,66.5,77.1,"Rain, Partially cloudy",1010.5,2017-05-17T05:18:15,2017-05-17T18:27:56
2017-05-18,22.3,92.2,0.196,8.33,13.0,337.8,74.2,72.8,"Rain, Partially cloudy",1011.7,2017-05-18T05:17:54,2017-05-18T18:28:22
2017-05-19,21.7,97.9,14.333,12.5,12.1,305.6,73.6,41.7,"Rain, Partially cloudy",1009.2,2017-05-19T05:17:33,2017-05-19T18:28:47
2017-05-20,26.0,85.5,0.1,4.17,13.0,18.9,66.6,249.4,"Rain, Partially cloudy",1005.0,2017-05-20T05:17:14,2017-05-20T18:29:13
2017-05-21,26.6,95.8,0.098,4.17,13.0,90.7,71.3,107.3,"Rain, Partially cloudy",1004.0,2017-05-21T05:16:55,2017-05-21T18:29:38
2017-05-22,29.0,91.5,0.33,4.17,19.4,122.8,70.4,188.5,"Rain, Partially cloudy",1003.6,2017-05-22T05:16:38,2017-05-22T18:30:04
2017-05-23,30.1,89.3,7.4,41.67,16.6,96.7,60.8,181.4,"Rain, Partially cloudy",1004.0,2017-05-23T05:16:22,2017-05-23T18:30:29
2017-05-24,27.6,86.7,2.363,8.33,17.5,14.6,70.8,63.9,"Rain, Partially cloudy",1006.5,2017-05-24T05:16:07,2017-05-24T18:30:55
2017-05-25,26.8,62.0,2.063,8.33,17.5,2.3,87.1,189.6,"Rain, Partially cloudy",1010.6,2017-05-25T05:15:53,2017-05-25T18:31:20
2017-05-26,27.5,47.9,0.0,0.0,16.6,44.6,74.1,318.1,Partially cloudy,1010.6,2017-05-26T05:15:40,2017-05-26T18:31:45
2017-05-27,27.4,63.2,0.0,0.0,17.5,126.4,38.6,323.5,Partially cloudy,1009.4,2017-05-27T05:15:28,2017-05-27T18:32:11
2017-05-28,28.0,61.9,0.0,0.0,13.9,139.8,26.4,294.1,Partially cloudy,1008.8,2017-05-28T05:15:18,2017-05-28T18:32:35
2017-05-29,28.6,68.9,0.0,0.0,17.5,122.1,28.6,267.4,Partially cloudy,1008.1,2017-05-29T05:15:08,2017-05-29T18:33:00
2017-05-30,29.0,78.6,0.0,0.0,15.7,119.8,30.4,254.5,Partially cloudy,1007.6,2017-05-30T05:14:59,2017-05-30T18:33:25
2017-05-31,29.9,81.4,0.5,8.33,24.1,118.2,38.7,230.1,"Rain, Partially cloudy",1004.6,2017-05-31T05:14:52,2017-05-31T18:33:49
2017-06-01,32.3,69.3,0.0,0.0,22.3,191.9,51.5,288.6,Partially cloudy,1000.1,2017-06-01T05:14:46,2017-06-01T18:34:13
2017-06-02,34.3,60.8,0.0,0.0,17.5,240.6,45.8,308.4,Partially cloudy,998.9,2017-06-02T05:14:40,2017-06-02T18:34:37
2017-06-03,35.3,54.2,0.0,0.0,24.1,249.3,37.5,310.3,Partially cloudy,998.0,2017-06-03T05:14:36,2017-06-03T18:35:00
2017-06-04,35.5,53.7,0.2,4.17,15.7,241.2,37.5,313.8,"Rain, Partially cloudy",997.0,2017-06-04T05:14:33,2017-06-04T18:35:23
2017-06-05,34.6,60.6,0.1,4.17,23.2,143.3,16.6,309.8,Rain,999.0,2017-06-05T05:14:30,2017-06-05T18:35:46
2017-06-06,30.0,81.3,47.6,45.83,35.5,64.3,57.8,247.5,"Rain, Partially cloudy",1004.9,2017-06-06T05:14:29,2017-06-06T18:36:08
2017-06-07,26.3,92.0,42.053,12.5,16.6,329.8,68.8,78.1,"Rain, Partially cloudy",1008.6,2017-06-07T05:14:29,2017-06-07T18:36:30
2017-06-08,29.0,81.5,0.098,4.17,16.6,89.1,53.6,157.5,"Rain, Partially cloudy",1006.4,2017-06-08T05:14:30,2017-06-08T18:36:52
2017-06-09,29.1,83.3,4.1,12.5,24.1,117.8,54.2,219.4,"Rain, Partially cloudy",1005.8,2017-06-09T05:14:32,2017-06-09T18:37:13
2017-06-10,29.0,88.8,0.297,8.33,24.1,124.4,62.8,159.7,"Rain, Partially cloudy",1005.4,2017-06-10T05:14:35,2017-06-10T18:37:33
2017-06-11,29.7,85.5,0.542,4.17,15.7,105.7,59.3,158.3,"Rain, Partially cloudy",1004.4,2017-06-11T05:14:39,2017-06-11T18:37:53
2017-06-12,30.2,86.8,0.594,4.17,14.8,111.2,52.4,172.7,"Rain, Partially cloudy",1003.0,2017-06-12T05:14:43,2017-06-12T18:38:13
2017-06-13,28.7,92.3,56.004,4.17,14.8,75.1,71.4,100.4,"Rain, Partially cloudy",1004.0,2017-06-13T05:14:49,2017-06-13T18:38:31
2017-06-14,27.9,94.1,16.8,62.5,17.5,79.0,72.4,121.5,"Rain, Partially cloudy",1005.6,2017-06-14T05:14:56,2017-06-14T18:38:50
2017-06-15,29.8,89.7,6.5,29.17,14.8,100.8,66.0,145.0,"Rain, Partially cloudy",1003.9,2017-06-15T05:15:03,2017-06-15T18:39:07
2017-06-16,30.6,83.6,1.0,8.33,22.3,50.0,45.9,148.0,"Rain, Partially cloudy",1002.6,2017-06-16T05:15:12,2017-06-16T18:39:24
2017-06-17,27.6,84.2,38.336,8.33,19.4,41.9,77.7,125.0,"Rain, Partially cloudy",1003.5,2017-06-17T05:15:21,2017-06-17T18:39:40
2017-06-18,27.7,92.5,0.216,8.33,13.9,98.2,76.7,120.3,"Rain, Partially cloudy",1003.0,2017-06-18T05:15:31,2017-06-18T18:39:56
2017-06-19,28.4,89.2,19.947,4.17,21.2,90.5,69.9,152.5,"Rain, Partially cloudy",1002.5,2017-06-19T05:15:42,2017-06-19T18:40:11
2017-06-20,28.8,86.1,4.965,4.17,11.0,66.9,59.4,159.8,"Rain, Partially cloudy",1001.7,2017-06-20T05:15:54,2017-06-20T18:40:24
2017-06-21,30.1,82.4,0.151,4.17,13.0,92.3,61.0,166.8,"Rain, Partially cloudy",1001.1,2017-06-21T05:16:06,2017-06-21T18:40:38
2017-06-22,30.8,80.5,0.7,20.83,17.5,94.5,63.2,194.1,"Rain, Partially cloudy",1002.0,2017-06-22T05:16:19,2017-06-22T18:40:50
2017-06-23,30.5,87.3,0.295,4.17,18.5,118.9,66.3,149.6,"Rain, Partially cloudy",1002.9,2017-06-23T05:16:33,2017-06-23T18:41:02
2017-06-24,31.0,82.8,0.8,16.67,25.0,122.1,59.6,211.4,"Rain, Partially cloudy",1002.6,2017-06-24T05:16:48,2017-06-24T18:41:12
2017-06-25,29.4,84.9,42.347,4.17,14.8,150.3,58.4,181.5,"Rain, Partially cloudy",1003.3,2017-06-25T05:17:03,2017-06-25T18:41:22
2017-06-26,29.1,88.4,14.017,8.33,18.5,99.4,53.5,189.5,"Rain, Partially cloudy",1005.3,2017-06-26T05:17:19,2017-06-26T18:41:31
2017-06-27,29.9,86.4,0.192,12.5,20.5,121.2,54.5,167.6,"Rain, Partially cloudy",1006.1,2017-06-27T05:17:36,2017-06-27T18:41:39
2017-06-28,28.2,93.6,5.599,12.5,16.6,80.7,65.8,116.5,"Rain, Partially cloudy",1007.2,2017-06-28T05:17:53,2017-06-28T18:41:46
2017-06-29,27.5,94.1,27.76,16.67,21.4,87.0,66.7,118.1,"Rain, Partially cloudy",1006.3,2017-06-29T05:18:11,2017-06-29T18:41:52
2017-06-30,28.9,86.7,0.568,8.33,13.9,121.1,67.9,148.2,"Rain, Partially cloudy",1004.0,2017-06-30T05:18:29,2017-06-30T18:41:57
2017-07-01,29.8,84.5,0.3,12.5,13.9,110.3,51.9,208.3,"Rain, Partially cloudy",1002.1,2017-07-01T05:18:48,2017-07-01T18:42:02
2017-07-02,29.9,84.4,0.196,8.33,10.3,126.8,52.8,90.5,"Rain, Partially cloudy",1001.5,2017-07-02T05:19:07,2017-07-02T18:42:05
2017-07-03,28.8,91.4,0.789,8.33,9.4,51.1,65.5,95.5,"Rain, Partially cloudy",1001.8,2017-07-03T05:19:27,2017-07-03T18:42:07
2017-07-04,28.6,89.3,0.796,8.33,13.0,85.6,56.8,161.9,"Rain, Partially cloudy",1002.9,2017-07-04T05:19:47,2017-07-04T18:42:08
2017-07-05,28.7,90.9,6.878,12.5,16.7,77.4,66.9,160.2,"Rain, Partially cloudy",1004.9,2017-07-05T05:20:08,2017-07-05T18:42:08
2017-07-06,29.2,89.8,10.808,4.17,20.5,116.6,76.7,183.3,"Rain, Partially cloudy",1004.4,2017-07-06T05:20:29,2017-07-06T18:42:07
2017-07-07,28.7,90.0,0.14,8.33,18.4,114.0,69.4,150.5,"Rain, Partially cloudy",1004.0,2017-07-07T05:20:50,2017-07-07T18:42:05
2017-07-08,27.5,91.4,57.983,16.67,30.6,115.7,68.7,142.2,"Rain, Partially cloudy",1005.0,2017-07-08T05:21:12,2017-07-08T18:42:02
2017-07-09,29.4,84.5,1.14,8.33,12.1,120.3,46.5,182.7,"Rain, Partially cloudy",1004.9,2017-07-09T05:21:33,2017-07-09T18:41:57
2017-07-10,28.4,91.7,0.196,8.33,15.7,15.0,64.1,121.7,"Rain, Partially cloudy",1004.0,2017-07-10T05:21:56,2017-07-10T18:41:52
2017-07-11,27.4,93.8,9.159,12.5,19.4,92.1,67.6,113.8,"Rain, Partially cloudy",1005.6,2017-07-11T05:22:18,2017-07-11T18:41:46
2017-07-12,27.4,94.3,31.297,8.33,13.0,95.7,63.6,123.9,"Rain, Partially cloudy",1008.0,2017-07-12T05:22:41,2017-07-12T18:41:38
2017-07-13,28.3,87.7,64.126,12.5,16.6,102.6,72.5,136.7,"Rain, Partially cloudy",1006.7,2017-07-13T05:23:04,2017-07-13T18:41:29
2017-07-14,28.5,88.9,4.134,4.17,15.8,74.7,55.9,140.4,"Rain, Partially cloudy",1005.3,2017-07-14T05:23:27,2017-07-14T18:41:19
2017-07-15,27.8,92.4,7.431,12.5,20.5,32.3,73.5,117.3,"Rain, Partially cloudy",1004.8,2017-07-15T05:23:50,2017-07-15T18:41:08
2017-07-16,28.5,84.5,7.294,16.67,16.6,355.3,58.0,134.3,"Rain, Partially cloudy",1003.4,2017-07-16T05:24:13,2017-07-16T18:40:56
2017-07-17,26.6,95.9,130.264,20.83,24.1,46.0,68.0,75.5,"Rain, Partially cloudy",1004.3,2017-07-17T05:24:37,2017-07-17T18:40:43
2017-07-18,27.3,94.9,14.629,16.67,13.0,93.5,63.1,119.3,"Rain, Partially cloudy",1007.2,2017-07-18T05:25:00,2017-07-18T18:40:29
2017-07-19,27.3,94.8,7.35,12.5,17.5,108.5,67.3,93.3,"Rain, Partially cloudy",1005.8,2017-07-19T05:25:24,2017-07-19T18:40:13
2017-07-20,26.6,96.6,8.982,8.33,14.8,89.5,70.4,116.4,"Rain, Partially cloudy",1005.4,2017-07-20T05:25:47,2017-07-20T18:39:57
2017-07-21,27.0,95.5,7.14,8.33,11.2,56.0,72.6,94.8,"Rain, Partially cloudy",1007.7,2017-07-21T05:26:11,2017-07-21T18:39:39
2017-07-22,28.3,87.9,0.098,4.17,28.6,325.5,53.1,191.1,"Rain, Partially cloudy",1008.8,2017-07-22T05:26:35,2017-07-22T18:39:20
2017-07-23,29.4,79.6,3.965,4.17,13.9,295.1,55.1,273.1,"Rain, Partially cloudy",1006.2,2017-07-23T05:26:58,2017-07-23T18:39:00
2017-07-24,29.3,88.4,4.7,29.17,18.5,51.7,60.4,232.5,"Rain, Partially cloudy",1003.3,2017-07-24T05:27:22,2017-07-24T18:38:39
2017-07-25,27.9,93.4,0.098,4.17,13.0,3.5,67.2,160.9,"Rain, Partially cloudy",1003.5,2017-07-25T05:27:45,2017-07-25T18:38:17
2017-07-26,29.5,82.4,0.632,12.5,18.4,91.2,53.9,199.3,"Rain, Partially cloudy",1003.5,2017-07-26T05:28:08,2017-07-26T18:37:54
2017-07-27,30.7,76.6,0.2,8.33,14.8,99.3,29.6,274.7,"Rain, Partially cloudy",1003.2,2017-07-27T05:28:32,2017-07-27T18:37:30
2017-07-28,30.3,78.8,0.9,12.5,12.1,60.9,42.7,253.1,"Rain, Partially cloudy",1004.4,2017-07-28T05:28:55,2017-07-28T18:37:04
2017-07-29,31.2,76.3,0.098,4.17,11.2,281.2,30.7,249.7,"Rain, Partially cloudy",1002.7,2017-07-29T05:29:18,2017-07-29T18:36:38
2017-07-30,32.4,75.5,0.0,0.0,14.8,206.0,17.2,303.3,Clear,999.2,2017-07-30T05:29:41,2017-07-30T18:36:10
2017-07-31,31.9,79.1,0.0,0.0,18.5,63.1,31.8,286.9,Partially cloudy,998.5,2017-07-31T05:30:03,2017-07-31T18:35:41
2017-08-01,29.1,86.7,49.738,4.17,16.6,141.2,56.2,198.4,"Rain, Partially cloudy",1000.5,2017-08-01T05:30:26,2017-08-01T18:35:12
2017-08-02,29.3,91.6,0.21,4.17,13.0,51.2,61.1,151.2,"Rain, Partially cloudy",999.4,2017-08-02T05:30:48,2017-08-02T18:34:41
2017-08-03,27.7,96.2,11.09,16.67,10.3,0.8,64.8,104.1,"Rain, Partially cloudy",998.7,2017-08-03T05:31:10,2017-08-03T18:34:09
2017-08-04,27.6,95.9,41.857,12.5,11.2,148.0,66.8,46.8,"Rain, Partially cloudy",998.9,2017-08-04T05:31:32,2017-08-04T18:33:37
2017-08-05,27.9,95.8,0.204,16.67,16.6,82.8,78.3,111.5,"Rain, Partially cloudy",1001.6,2017-08-05T05:31:54,2017-08-05T18:33:03
2017-08-06,30.0,82.3,0.295,8.33,14.8,123.6,61.2,195.8,"Rain, Partially cloudy",1004.4,2017-08-06T05:32:16,2017-08-06T18:32:29
2017-08-07,30.9,78.8,4.912,8.33,12.1,122.4,48.4,261.0,"Rain, Partially cloudy",1004.3,2017-08-07T05:32:37,2017-08-07T18:31:53
2017-08-08,32.2,72.4,3.93,4.17,14.8,123.9,41.4,288.4,"Rain, Partially cloudy",1002.9,2017-08-08T05:32:58,2017-08-08T18:31:16
2017-08-09,32.5,72.6,0.9,4.17,13.9,132.8,70.2,283.4,"Rain, Partially cloudy",1002.2,2017-08-09T05:33:19,2017-08-09T18:30:39
2017-08-10,30.4,83.2,0.0,0.0,15.8,90.2,74.8,185.2,Partially cloudy,1002.5,2017-08-10T05:33:39,2017-08-10T18:30:01
2017-08-11,32.0,75.1,0.0,0.0,17.5,122.2,53.0,230.6,Partially cloudy,1002.6,2017-08-11T05:34:00,2017-08-11T18:29:21
2017-08-12,31.2,80.7,0.0,0.0,15.7,120.5,74.6,229.6,Partially cloudy,1003.9,2017-08-12T05:34:20,2017-08-12T18:28:41
2017-08-13,30.8,87.2,0.0,0.0,13.9,131.4,49.6,209.7,Partially cloudy,1004.8,2017-08-13T05:34:40,2017-08-13T18:28:00
2017-08-14,30.0,91.1,0.2,8.33,18.5,126.3,67.0,124.2,"Rain, Partially cloudy",1004.8,2017-08-14T05:34:59,2017-08-14T18:27:19
2017-08-15,26.1,96.6,35.89,12.5,16.6,114.5,75.1,52.5,"Rain, Partially cloudy",1005.2,2017-08-15T05:35:18,2017-08-15T18:26:36
2017-08-16,26.8,94.1,20.467,12.5,19.4,106.3,65.9,45.6,"Rain, Partially cloudy",1005.6,2017-08-16T05:35:37,2017-08-16T18:25:53
2017-08-17,26.1,96.9,27.122,12.5,13.9,75.0,68.7,59.9,"Rain, Partially cloudy",1007.6,2017-08-17T05:35:56,2017-08-17T18:25:08
2017-08-18,27.0,93.0,14.402,8.33,9.4,110.0,65.0,153.7,"Rain, Partially cloudy",1009.6,2017-08-18T05:36:15,2017-08-18T18:24:23
2017-08-19,28.2,84.2,0.105,12.5,10.3,168.0,45.6,205.8,"Rain, Partially cloudy",1009.2,2017-08-19T05:36:33,2017-08-19T18:23:38
2017-08-20,29.7,79.4,1.6,20.83,12.1,122.0,29.1,214.1,"Rain, Partially cloudy",1007.1,2017-08-20T05:36:51,2017-08-20T18:22:51
2017-08-21,30.1,78.6,0.1,4.17,13.0,102.4,25.0,239.0,"Rain, Partially cloudy",1004.5,2017-08-21T05:37:09,2017-08-21T18:22:04
2017-08-22,31.1,79.5,0.0,0.0,11.2,50.7,32.3,257.3,Partially cloudy,1001.7,2017-08-22T05:37:26,2017-08-22T18:21:17
2017-08-23,30.0,90.3,1.376,4.17,14.3,356.2,60.7,212.7,"Rain, Partially cloudy",1000.1,2017-08-23T05:37:44,2017-08-23T18:20:28
2017-08-24,26.5,93.3,20.682,12.5,21.4,238.0,66.9,43.0,"Rain, Partially cloudy",1000.9,2017-08-24T05:38:01,2017-08-24T18:19:39
2017-08-25,27.6,95.5,12.871,4.17,21.2,92.0,67.0,111.2,"Rain, Partially cloudy",1005.0,2017-08-25T05:38:18,2017-08-25T18:18:50
2017-08-26,27.7,87.3,13.496,12.5,13.1,326.0,51.7,154.1,"Rain, Partially cloudy",1006.2,2017-08-26T05:38:34,2017-08-26T18:18:00
2017-08-27,28.7,84.3,0.005,4.17,11.2,301.3,46.7,246.6,"Rain, Partially cloudy",1004.7,2017-08-27T05:38:51,2017-08-27T18:17:09
2017-08-28,29.4,80.1,0.6,12.5,24.1,118.4,50.3,266.6,"Rain, Partially cloudy",1004.5,2017-08-28T05:39:07,2017-08-28T18:16:18
2017-08-29,26.8,94.4,2.944,12.5,16.6,96.1,66.8,83.6,"Rain, Partially cloudy",1006.6,2017-08-29T05:39:23,2017-08-29T18:15:26
2017-08-30,26.4,94.1,31.526,16.67,18.4,76.2,71.9,106.0,"Rain, Partially cloudy",1008.5,2017-08-30T05:39:39,2017-08-30T18:14:34
2017-08-31,29.3,83.3,21.791,8.33,13.0,95.3,53.4,192.6,"Rain, Partially cloudy",1008.0,2017-08-31T05:39:54,2017-08-31T18:13:41
2017-09-01,29.9,86.6,3.0,33.33,13.9,99.5,53.7,223.0,"Rain, Partially cloudy",1005.3,2017-09-01T05:40:10,2017-09-01T18:12:48
2017-09-02,30.7,83.4,0.035,4.17,14.8,103.3,51.9,210.2,"Rain, Partially cloudy",1003.1,2017-09-02T05:40:25,2017-09-02T18:11:54
2017-09-03,29.0,90.4,2.96,8.33,13.9,94.0,60.1,135.5,"Rain, Partially cloudy",1004.3,2017-09-03T05:40:40,2017-09-03T18:11:00
2017-09-04,28.4,93.5,5.2,33.33,13.0,66.9,50.0,118.2,"Rain, Partially cloudy",1005.2,2017-09-04T05:40:56,2017-09-04T18:10:06
2017-09-05,29.2,89.6,0.098,4.17,13.9,76.2,63.9,89.5,"Rain, Partially cloudy",1005.5,2017-09-05T05:41:10,2017-09-05T18:09:11
2017-09-06,29.4,86.7,4.1,29.17,13.0,58.5,41.8,100.2,"Rain, Partially cloudy",1005.9,2017-09-06T05:41:25,2017-09-06T18:08:16
2017-09-07,28.0,89.4,0.267,8.33,15.8,74.9,57.7,113.0,"Rain, Partially cloudy",1007.4,2017-09-07T05:41:40,2017-09-07T18:07:20
2017-09-08,27.2,93.5,7.8,37.5,12.1,77.9,57.3,158.5,"Rain, Partially cloudy",1007.6,2017-09-08T05:41:54,2017-09-08T18:06:25
2017-09-09,27.6,92.0,2.948,4.17,14.8,86.5,61.7,124.4,"Rain, Partially cloudy",1006.1,2017-09-09T05:42:09,2017-09-09T18:05:29
2017-09-10,27.7,89.2,6.878,4.17,13.9,81.2,57.4,152.2,"Rain, Partially cloudy",1007.0,2017-09-10T05:42:23,2017-09-10T18:04:33
2017-09-11,27.7,86.0,0.771,8.33,15.7,337.8,67.5,144.1,"Rain, Partially cloudy",1009.1,2017-09-11T05:42:38,2017-09-11T18:03:36
2017-09-12,28.2,85.8,5.162,4.17,13.0,46.3,40.9,190.4,"Rain, Partially cloudy",1010.4,2017-09-12T05:42:52,2017-09-12T18:02:40
2017-09-13,29.3,77.9,0.087,4.17,13.9,357.6,45.3,245.4,"Rain, Partially cloudy",1009.6,2017-09-13T05:43:06,2017-09-13T18:01:43
2017-09-14,29.1,78.4,21.018,12.5,15.7,328.2,56.9,182.3,"Rain, Partially cloudy",1007.1,2017-09-14T05:43:21,2017-09-14T18:00:46
2017-09-15,27.5,78.4,8.922,25.0,21.4,9.7,68.2,72.2,"Rain, Partially cloudy",1005.8,2017-09-15T05:43:35,2017-09-15T17:59:49
2017-09-16,25.4,93.8,55.859,16.67,23.9,26.5,66.2,45.2,"Rain, Partially cloudy",1009.5,2017-09-16T05:43:49,2017-09-16T17:58:52
2017-09-17,28.3,80.7,0.8,12.5,10.3,282.9,39.5,209.4,"Rain, Partially cloudy",1010.8,2017-09-17T05:44:03,2017-09-17T17:57:55
2017-09-18,30.1,80.1,0.0,0.0,14.8,116.0,31.5,230.0,Partially cloudy,1008.1,2017-09-18T05:44:18,2017-09-18T17:56:58
2017-09-19,30.8,81.8,0.0,0.0,18.4,127.2,53.7,232.8,Partially cloudy,1007.1,2017-09-19T05:44:32,2017-09-19T17:56:01
2017-09-20,29.6,80.0,2.14,4.17,13.9,161.2,43.4,166.5,"Rain, Partially cloudy",1007.8,2017-09-20T05:44:47,2017-09-20T17:55:04
2017-09-21,29.8,74.5,0.518,8.33,11.2,48.3,44.7,203.7,"Rain, Partially cloudy",1007.9,2017-09-21T05:45:01,2017-09-21T17:54:07
2017-09-22,28.5,84.3,5.21,4.17,17.6,71.1,34.5,183.3,"Rain, Partially cloudy",1008.7,2017-09-22T05:45:16,2017-09-22T17:53:10
2017-09-23,28.7,83.1,0.139,12.5,9.4,28.3,51.2,164.6,"Rain, Partially cloudy",1009.5,2017-09-23T05:45:31,2017-09-23T17:52:13
2017-09-24,29.8,77.8,0.2,8.33,7.2,340.6,43.4,219.1,"Rain, Partially cloudy",1006.8,2017-09-24T05:45:45,2017-09-24T17:51:16
2017-09-25,27.3,90.4,21.361,12.5,16.6,311.5,66.9,53.0,"Rain, Partially cloudy",1004.6,2017-09-25T05:46:00,2017-09-25T17:50:19
2017-09-26,28.5,85.0,2.21,8.33,18.5,104.6,45.7,205.2,"Rain, Partially cloudy",1008.7,2017-09-26T05:46:16,2017-09-26T17:49:23
2017-09-27,29.5,79.5,6.332,8.33,11.2,100.5,36.0,193.2,"Rain, Partially cloudy",1009.6,2017-09-27T05:46:31,2017-09-27T17:48:26
2017-09-28,30.3,73.5,0.6,12.5,13.0,95.1,34.2,228.5,"Rain, Partially cloudy",1008.5,2017-09-28T05:46:47,2017-09-28T17:47:30
2017-09-29,28.8,81.0,0.295,8.33,21.2,51.3,47.1,107.1,"Rain, Partially cloudy",1009.8,2017-09-29T05:47:02,2017-09-29T17:46:34
2017-09-30,28.0,86.9,1.823,12.5,14.8,84.2,55.3,62.7,"Rain, Partially cloudy",1011.3,2017-09-30T05:47:18,2017-09-30T17:45:39
2017-10-01,29.0,80.3,1.974,4.17,14.8,118.6,56.9,210.4,"Rain, Partially cloudy",1009.9,2017-10-01T05:47:34,2017-10-01T17:44:43
2017-10-02,29.2,79.8,14.738,8.33,21.2,101.2,49.1,192.0,"Rain, Partially cloudy",1009.1,2017-10-02T05:47:51,2017-10-02T17:43:48
2017-10-03,27.0,91.0,17.594,12.5,20.5,12.1,56.4,88.7,"Rain, Partially cloudy",1010.6,2017-10-03T05:48:08,2017-10-03T17:42:54
2017-10-04,27.3,86.9,11.868,12.5,13.0,326.3,53.2,89.7,"Rain, Partially cloudy",1012.2,2017-10-04T05:48:25,2017-10-04T17:41:59
2017-10-05,27.0,84.5,6.508,12.5,19.4,52.4,51.7,90.7,"Rain, Partially cloudy",1012.2,2017-10-05T05:48:42,2017-10-05T17:41:06
2017-10-06,27.1,84.6,0.29,12.5,13.9,38.6,57.4,81.8,"Rain, Partially cloudy",1011.7,2017-10-06T05:48:59,2017-10-06T17:40:12
2017-10-07,25.9,89.8,10.839,12.5,15.7,46.4,70.8,17.2,"Rain, Partially cloudy",1011.8,2017-10-07T05:49:17,2017-10-07T17:39:19
2017-10-08,27.4,84.9,7.163,12.5,10.3,353.4,65.3,81.7,"Rain, Partially cloudy",1011.9,2017-10-08T05:49:35,2017-10-08T17:38:27
2017-10-09,28.3,81.9,16.732,4.17,14.8,323.6,39.2,185.5,"Rain, Partially cloudy",1009.2,2017-10-09T05:49:54,2017-10-09T17:37:34
2017-10-10,26.9,88.4,78.746,16.67,22.3,25.6,70.9,37.7,"Rain, Partially cloudy",1007.5,2017-10-10T05:50:13,2017-10-10T17:36:43
2017-10-11,25.7,91.8,49.208,12.5,14.8,34.9,69.9,19.8,"Rain, Partially cloudy",1010.2,2017-10-11T05:50:32,2017-10-11T17:35:52
2017-10-12,26.6,88.3,8.105,8.33,10.1,274.3,58.7,116.0,"Rain, Partially cloudy",1010.4,2017-10-12T05:50:52,2017-10-12T17:35:02
2017-10-13,25.9,80.5,15.011,12.5,20.3,23.6,53.5,139.6,"Rain, Partially cloudy",1010.0,2017-10-13T05:51:12,2017-10-13T17:34:12
2017-10-14,26.7,67.3,0.0,0.0,16.6,4.1,49.2,204.9,Partially cloudy,1008.7,2017-10-14T05:51:33,2017-10-14T17:33:23
2017-10-15,26.4,58.6,0.0,0.0,23.2,7.1,61.4,224.6,Partially cloudy,1008.2,2017-10-15T05:51:54,2017-10-15T17:32:34
2017-10-16,21.9,78.8,3.063,8.33,13.0,341.8,68.9,17.0,"Rain, Partially cloudy",1010.8,2017-10-16T05:52:15,2017-10-16T17:31:47
2017-10-17,21.6,71.8,0.105,8.33,17.5,355.5,67.3,42.8,"Rain, Partially cloudy",1014.2,2017-10-17T05:52:37,2017-10-17T17:31:00
2017-10-18,20.9,87.4,0.796,12.5,13.0,342.7,71.7,25.2,"Rain, Partially cloudy",1015.6,2017-10-18T05:52:59,2017-10-18T17:30:13
2017-10-19,23.6,82.8,0.6,4.17,12.1,311.9,66.9,150.6,"Rain, Partially cloudy",1014.5,2017-10-19T05:53:22,2017-10-19T17:29:28
2017-10-20,25.9,73.2,0.0,0.0,11.2,55.0,39.8,162.8,Partially cloudy,1013.2,2017-10-20T05:53:45,2017-10-20T17:28:43
2017-10-21,25.5,71.7,0.002,4.17,15.7,51.2,75.3,137.0,"Rain, Partially cloudy",1013.2,2017-10-21T05:54:09,2017-10-21T17:27:59
2017-10-22,24.7,64.1,0.0,0.0,13.0,23.3,62.1,118.3,Partially cloudy,1013.5,2017-10-22T05:54:33,2017-10-22T17:27:16
2017-10-23,24.0,61.6,0.035,4.17,17.5,9.1,74.4,122.8,"Rain, Partially cloudy",1016.1,2017-10-23T05:54:58,2017-10-23T17:26:34
2017-10-24,23.7,63.1,0.0,0.0,12.1,324.0,47.8,152.8,Partially cloudy,1018.4,2017-10-24T05:55:23,2017-10-24T17:25:53
2017-10-25,25.0,66.0,0.0,0.0,9.4,27.9,46.0,140.8,Partially cloudy,1017.9,2017-10-25T05:55:49,2017-10-25T17:25:12
2017-10-26,25.5,74.2,0.098,4.17,6.5,342.0,57.3,155.2,"Rain, Partially cloudy",1016.7,2017-10-26T05:56:15,2017-10-26T17:24:33
2017-10-27,25.9,77.3,0.4,12.5,8.5,338.8,50.9,168.6,"Rain, Partially cloudy",1014.6,2017-10-27T05:56:42,2017-10-27T17:23:54
2017-10-28,26.6,81.2,0.4,8.33,10.3,323.7,50.1,181.1,"Rain, Partially cloudy",1015.3,2017-10-28T05:57:09,2017-10-28T17:23:17
2017-10-29,25.9,71.0,0.0,0.0,14.8,26.6,20.3,205.7,Partially cloudy,1018.3,2017-10-29T05:57:37,2017-10-29T17:22:41
2017-10-30,23.2,60.6,0.0,0.0,25.0,23.5,1.3,234.7,Clear,1021.1,2017-10-30T05:58:05,2017-10-30T17:22:05
2017-10-31,22.2,61.4,0.0,0.0,12.1,339.1,15.9,213.0,Clear,1019.5,2017-10-31T05:58:34,2017-10-31T17:21:31
2017-11-01,22.3,68.0,0.0,0.0,8.5,319.3,8.5,225.0,Clear,1016.9,2017-11-01T05:59:04,2017-11-01T17:20:58
2017-11-02,23.4,68.7,0.0,0.0,13.0,313.5,3.4,222.1,Clear,1015.4,2017-11-02T05:59:34,2017-11-02T17:20:25
2017-11-03,24.6,62.9,0.0,0.0,20.3,346.6,11.2,219.4,Clear,1016.7,2017-11-03T06:00:04,2017-11-03T17:19:54
2017-11-04,25.0,47.8,0.0,0.0,22.3,29.9,85.0,214.2,Partially cloudy,1019.4,2017-11-04T06:00:35,2017-11-04T17:19:25
2017-11-05,22.6,59.4,0.196,8.33,13.9,350.3,71.8,43.3,"Rain, Partially cloudy",1019.3,2017-11-05T06:01:07,2017-11-05T17:18:56
2017-11-06,22.8,60.5,0.1,4.17,11.2,335.5,54.0,104.6,"Rain, Partially cloudy",1016.7,2017-11-06T06:01:39,2017-11-06T17:18:28
2017-11-07,22.0,69.9,0.012,4.17,19.4,346.9,66.8,87.0,"Rain, Partially cloudy",1017.6,2017-11-07T06:02:11,2017-11-07T17:18:02
2017-11-08,24.1,70.5,1.979,8.33,14.8,17.3,53.6,96.4,"Rain, Partially cloudy",1016.5,2017-11-08T06:02:44,2017-11-08T17:17:37
2017-11-09,22.0,89.6,2.625,12.5,8.3,347.8,74.3,26.7,"Rain, Partially cloudy",1015.5,2017-11-09T06:03:18,2017-11-09T17:17:13
2017-11-10,24.7,82.8,0.197,4.17,7.4,346.9,67.1,97.2,"Rain, Partially cloudy",1014.7,2017-11-10T06:03:51,2017-11-10T17:16:50
2017-11-11,25.6,79.5,0.2,8.33,10.2,276.5,31.7,167.9,"Rain, Partially cloudy",1013.4,2017-11-11T06:04:26,2017-11-11T17:16:29
2017-11-12,25.1,83.7,0.098,4.17,16.6,108.6,35.2,161.1,"Rain, Partially cloudy",1011.8,2017-11-12T06:05:01,2017-11-12T17:16:09
2017-11-13,25.9,78.8,0.4,12.5,15.7,124.5,25.2,137.4,"Rain, Partially cloudy",1011.0,2017-11-13T06:05:36,2017-11-13T17:15:50
2017-11-14,26.2,78.4,0.3,12.5,15.7,85.5,46.7,124.0,"Rain, Partially cloudy",1012.4,2017-11-14T06:06:12,2017-11-14T17:15:33
2017-11-15,25.9,80.5,0.005,4.17,17.5,89.7,68.2,98.0,"Rain, Partially cloudy",1013.8,2017-11-15T06:06:48,2017-11-15T17:15:17
2017-11-16,26.3,84.4,0.202,4.17,16.6,123.4,63.8,101.6,"Rain, Partially cloudy",1011.7,2017-11-16T06:07:24,2017-11-16T17:15:02
2017-11-17,27.7,79.8,0.0,0.0,20.5,113.5,43.1,179.6,Partially cloudy,1007.8,2017-11-17T06:08:01,2017-11-17T17:14:48
2017-11-18,25.4,77.8,0.273,8.33,26.8,48.6,84.7,62.2,"Rain, Partially cloudy",1011.1,2017-11-18T06:08:38,2017-11-18T17:14:36
2017-11-19,20.3,74.6,2.868,8.33,17.5,54.1,84.7,30.0,"Rain, Partially cloudy",1016.4,2017-11-19T06:09:16,2017-11-19T17:14:25
2017-11-20,19.4,69.1,0.9,20.83,22.3,31.3,80.9,29.5,"Rain, Partially cloudy",1018.7,2017-11-20T06:09:53,2017-11-20T17:14:16
2017-11-21,18.3,66.2,0.1,4.17,15.7,39.7,81.2,43.4,"Rain, Partially cloudy",1018.5,2017-11-21T06:10:32,2017-11-21T17:14:08
2017-11-22,18.1,66.6,0.0,0.0,20.3,11.4,94.5,56.2,Overcast,1019.0,2017-11-22T06:11:10,2017-11-22T17:14:01
2017-11-23,17.5,55.7,0.0,0.0,23.2,10.5,92.1,36.9,Overcast,1022.0,2017-11-23T06:11:48,2017-11-23T17:13:56
2017-11-24,15.4,56.3,0.0,0.0,22.3,9.5,91.3,55.0,Overcast,1024.7,2017-11-24T06:12:27,2017-11-24T17:13:52
2017-11-25,15.1,63.8,0.4,4.17,21.4,3.1,76.6,102.4,"Rain, Partially cloudy",1024.0,2017-11-25T06:13:06,2017-11-25T17:13:50
2017-11-26,17.4,68.4,0.0,0.0,10.6,305.9,55.1,165.4,Partially cloudy,1022.4,2017-11-26T06:13:45,2017-11-26T17:13:48
2017-11-27,18.7,68.9,0.0,0.0,9.4,324.9,36.6,186.4,Partially cloudy,1017.5,2017-11-27T06:14:24,2017-11-27T17:13:49
2017-11-28,21.8,67.4,0.1,4.17,9.4,333.4,39.0,159.5,"Rain, Partially cloudy",1016.6,2017-11-28T06:15:03,2017-11-28T17:13:50
2017-11-29,22.5,73.9,0.116,4.17,8.5,321.4,71.6,52.7,"Rain, Partially cloudy",1016.4,2017-11-29T06:15:42,2017-11-29T17:13:53
2017-11-30,23.7,78.1,0.052,4.17,11.2,103.9,65.1,126.6,"Rain, Partially cloudy",1015.9,2017-11-30T06:16:21,2017-11-30T17:13:57
2017-12-01,21.8,68.8,0.196,8.33,22.3,34.6,87.7,51.0,"Rain, Partially cloudy",1018.1,2017-12-01T06:17:00,2017-12-01T17:14:03
2017-12-02,20.7,67.9,0.0,0.0,13.0,29.9,61.5,83.5,Partially cloudy,1018.8,2017-12-02T06:17:40,2017-12-02T17:14:10
2017-12-03,20.5,74.4,0.0,0.0,10.3,70.9,32.1,125.1,Partially cloudy,1017.4,2017-12-03T06:18:19,2017-12-03T17:14:18
2017-12-04,21.3,67.3,0.0,0.0,17.5,23.7,29.1,174.2,Partially cloudy,1018.6,2017-12-04T06:18:57,2017-12-04T17:14:28
2017-12-05,20.1,59.5,0.0,0.0,18.4,21.5,54.8,138.5,Partially cloudy,1019.8,2017-12-05T06:19:36,2017-12-05T17:14:39
2017-12-06,19.8,68.5,0.0,0.0,13.0,110.0,52.3,114.4,Partially cloudy,1016.2,2017-12-06T06:20:14,2017-12-06T17:14:51
2017-12-07,19.8,83.6,0.098,4.17,11.2,54.7,72.0,45.2,"Rain, Partially cloudy",1016.4,2017-12-07T06:20:53,2017-12-07T17:15:04
2017-12-08,18.7,75.5,1.966,8.33,16.6,17.4,82.5,27.6,"Rain, Partially cloudy",1021.5,2017-12-08T06:21:31,2017-12-08T17:15:19
2017-12-09,17.5,65.6,0.0,0.0,16.6,355.2,80.4,61.9,Partially cloudy,1019.7,2017-12-09T06:22:08,2017-12-09T17:15:35
2017-12-10,17.3,77.2,0.105,4.17,11.2,17.7,78.0,72.9,"Rain, Partially cloudy",1018.2,2017-12-10T06:22:45,2017-12-10T17:15:52
2017-12-11,17.3,73.6,0.396,8.33,11.2,10.1,88.0,24.4,"Rain, Partially cloudy",1018.3,2017-12-11T06:23:22,2017-12-11T17:16:11
2017-12-12,15.3,89.7,0.513,8.33,12.1,16.2,79.1,25.6,"Rain, Partially cloudy",1017.2,2017-12-12T06:23:59,2017-12-12T17:16:30
2017-12-13,15.7,93.3,0.397,8.33,9.4,39.7,77.3,28.0,"Rain, Partially cloudy",1015.1,2017-12-13T06:24:34,2017-12-13T17:16:51
2017-12-14,16.4,87.7,0.298,8.33,14.8,20.1,76.7,32.9,"Rain, Partially cloudy",1016.7,2017-12-14T06:25:10,2017-12-14T17:17:13
2017-12-15,16.7,79.9,0.103,12.5,15.7,24.2,78.8,42.8,"Rain, Partially cloudy",1019.4,2017-12-15T06:25:45,2017-12-15T17:17:36
2017-12-16,17.7,59.6,0.0,0.0,23.2,15.4,84.6,86.7,Partially cloudy,1025.0,2017-12-16T06:26:19,2017-12-16T17:18:00
2017-12-17,15.3,50.8,0.0,0.0,21.2,47.2,13.4,192.1,Clear,1027.6,2017-12-17T06:26:53,2017-12-17T17:18:25
2017-12-18,14.7,51.3,0.0,0.0,19.4,10.6,17.9,193.9,Clear,1027.7,2017-12-18T06:27:26,2017-12-18T17:18:51
2017-12-19,15.6,44.2,0.0,0.0,22.3,3.7,0.6,198.7,Clear,1028.4,2017-12-19T06:27:58,2017-12-19T17:19:18
2017-12-20,15.3,44.7,0.0,0.0,22.3,7.8,10.1,202.6,Clear,1029.6,2017-12-20T06:28:29,2017-12-20T17:19:47
2017-12-21,16.8,51.2,0.0,0.0,13.0,305.5,24.8,129.7,Partially cloudy,1025.1,2017-12-21T06:29:00,2017-12-21T17:20:16
2017-12-22,17.1,58.8,0.0,0.0,13.0,93.5,26.9,135.8,Partially cloudy,1019.6,2017-12-22T06:29:30,2017-12-22T17:20:46
2017-12-23,16.8,69.9,0.8,16.67,11.2,343.0,84.6,72.8,"Rain, Partially cloudy",1017.1,2017-12-23T06:29:59,2017-12-23T17:21:16
2017-12-24,18.8,67.3,0.4,8.33,17.5,319.8,37.0,164.2,"Rain, Partially cloudy",1020.8,2017-12-24T06:30:27,2017-12-24T17:21:48
2017-12-25,17.4,58.7,0.0,0.0,13.9,25.1,43.0,194.5,Partially cloudy,1019.4,2017-12-25T06:30:55,2017-12-25T17:22:21
2017-12-26,17.0,65.0,0.4,4.17,7.6,316.9,41.7,155.2,"Rain, Partially cloudy",1020.0,2017-12-26T06:31:21,2017-12-26T17:22:54
2017-12-27,15.2,89.2,16.982,16.67,12.1,316.1,70.2,14.1,"Rain, Partially cloudy",1021.2,2017-12-27T06:31:46,2017-12-27T17:23:28
2017-12-28,16.0,89.5,19.895,12.5,8.5,3.1,75.7,43.2,"Rain, Partially cloudy",1020.8,2017-12-28T06:32:11,2017-12-28T17:24:02
2017-12-29,17.7,88.3,0.2,8.33,9.4,24.4,82.0,23.7,"Rain, Partially cloudy",1020.4,2017-12-29T06:32:34,2017-12-29T17:24:38
2017-12-30,18.1,87.0,2.669,12.5,17.5,19.8,74.4,20.8,"Rain, Partially cloudy",1022.0,2017-12-30T06:32:57,2017-12-30T17:25:14
2017-12-31,17.6,63.9,0.002,4.17,14.8,2.9,92.3,50.8,"Rain, Overcast",1022.2,2017-12-31T06:33:18,2017-12-31T17:25:50
2018-01-01,17.4,76.8,0.0,0.0,10.3,51.8,81.5,0.0,Partially cloudy,1018.3,2018-01-01T06:33:38,2018-01-01T17:26:27
2018-01-02,17.6,91.3,0.1,8.33,9.4,349.5,91.9,19.7,"Rain, Overcast",1017.0,2018-01-02T06:33:57,2018-01-02T17:27:05
2018-01-03,19.4,91.3,0.895,8.33,12.1,97.3,91.9,61.4,"Rain, Overcast",1016.3,2018-01-03T06:34:15,2018-01-03T17:27:43
2018-01-04,19.6,94.4,0.495,12.5,8.3,89.6,91.9,25.2,"Rain, Overcast",1014.3,2018-01-04T06:34:32,2018-01-04T17:28:21
2018-01-05,20.5,93.7,0.688,8.33,14.8,131.1,91.9,23.8,"Rain, Overcast",1013.0,2018-01-05T06:34:47,2018-01-05T17:29:00
2018-01-06,20.3,91.7,0.002,4.17,16.6,136.0,91.9,35.6,"Rain, Overcast",1011.3,2018-01-06T06:35:01,2018-01-06T17:29:39
2018-01-07,20.4,92.9,0.196,8.33,15.7,129.5,91.9,53.8,"Rain, Overcast",1010.3,2018-01-07T06:35:14,2018-01-07T17:30:19
2018-01-08,17.5,82.2,0.493,8.33,36.2,49.5,91.9,43.7,"Rain, Overcast",1014.5,2018-01-08T06:35:26,2018-01-08T17:30:59
2018-01-09,11.9,66.8,3.053,12.5,25.9,9.8,92.7,39.3,"Rain, Overcast",1024.9,2018-01-09T06:35:37,2018-01-09T17:31:39
2018-01-10,13.9,55.7,0.0,0.0,13.0,8.8,95.6,30.5,Overcast,1026.7,2018-01-10T06:35:46,2018-01-10T17:32:19
2018-01-11,14.6,57.2,0.0,0.0,15.7,357.5,79.4,35.8,Partially cloudy,1026.7,2018-01-11T06:35:54,2018-01-11T17:33:00
2018-01-12,15.3,51.4,0.0,0.0,14.8,17.9,80.1,87.5,Partially cloudy,1026.0,2018-01-12T06:36:01,2018-01-12T17:33:40
2018-01-13,15.4,58.8,0.0,0.0,12.1,66.7,84.6,80.6,Partially cloudy,1023.4,2018-01-13T06:36:06,2018-01-13T17:34:21
2018-01-14,15.7,70.1,0.0,0.0,10.3,44.9,91.9,79.5,Overcast,1020.9,2018-01-14T06:36:11,2018-01-14T17:35:02
2018-01-15,17.1,77.3,0.0,0.0,13.0,108.5,91.5,91.9,Overcast,1016.8,2018-01-15T06:36:13,2018-01-15T17:35:42
2018-01-16,17.6,92.2,0.198,12.5,9.4,18.2,91.9,46.9,"Rain, Overcast",1014.6,2018-01-16T06:36:15,2018-01-16T17:36:23
2018-01-17,19.5,83.4,0.197,4.17,15.7,124.2,82.7,103.2,"Rain, Partially cloudy",1014.1,2018-01-17T06:36:15,2018-01-17T17:37:04
2018-01-18,19.4,82.3,0.3,12.5,14.8,105.6,90.9,57.5,"Rain, Overcast",1014.5,2018-01-18T06:36:14,2018-01-18T17:37:44
2018-01-19,21.8,70.2,0.0,0.0,12.1,124.7,48.0,182.9,Partially cloudy,1016.5,2018-01-19T06:36:11,2018-01-19T17:38:25
2018-01-20,19.9,88.9,0.1,4.17,14.8,110.9,80.3,60.5,"Rain, Partially cloudy",1014.7,2018-01-20T06:36:07,2018-01-20T17:39:05
2018-01-21,20.7,88.0,0.6,20.83,13.0,108.2,78.0,74.0,"Rain, Partially cloudy",1013.4,2018-01-21T06:36:02,2018-01-21T17:39:46
2018-01-22,21.4,84.6,1.081,8.33,20.5,132.6,82.9,49.2,"Rain, Partially cloudy",1012.9,2018-01-22T06:35:56,2018-01-22T17:40:26
2018-01-23,21.4,82.9,0.098,4.17,17.5,117.6,66.7,106.5,"Rain, Partially cloudy",1012.0,2018-01-23T06:35:48,2018-01-23T17:41:06
2018-01-24,21.6,85.6,0.4,16.67,24.1,120.1,73.6,115.6,"Rain, Partially cloudy",1010.3,2018-01-24T06:35:39,2018-01-24T17:41:45
2018-01-25,23.2,82.2,0.2,8.33,25.0,126.9,80.9,124.0,"Rain, Partially cloudy",1010.2,2018-01-25T06:35:28,2018-01-25T17:42:25
2018-01-26,21.3,84.9,0.098,4.17,22.3,121.5,91.9,55.6,"Rain, Overcast",1012.6,2018-01-26T06:35:16,2018-01-26T17:43:04
2018-01-27,17.9,93.2,1.093,8.33,23.2,105.9,92.2,19.4,"Rain, Overcast",1012.1,2018-01-27T06:35:03,2018-01-27T17:43:43
2018-01-28,14.6,89.7,4.526,12.5,25.0,42.5,91.9,23.6,"Rain, Overcast",1013.5,2018-01-28T06:34:49,2018-01-28T17:44:21
2018-01-29,12.2,59.9,0.31,4.17,20.5,33.7,93.5,48.2,"Rain, Overcast",1020.9,2018-01-29T06:34:33,2018-01-29T17:44:59
2018-01-30,11.3,61.4,0.1,4.17,19.4,34.7,92.0,66.5,"Rain, Overcast",1020.4,2018-01-30T06:34:16,2018-01-30T17:45:37
2018-01-31,11.9,64.2,0.098,4.17,18.4,359.0,82.2,63.0,"Rain, Partially cloudy",1024.4,2018-01-31T06:33:58,2018-01-31T17:46:15
2018-02-01,14.0,51.0,0.0,0.0,12.1,68.3,61.0,171.5,Partially cloudy,1022.1,2018-02-01T06:33:38,2018-02-01T17:46:52
2018-02-02,13.8,55.0,0.0,0.0,16.6,10.1,72.3,71.4,Partially cloudy,1025.6,2018-02-02T06:33:18,2018-02-02T17:47:28
2018-02-03,14.2,48.1,0.0,0.0,17.5,8.5,66.4,164.2,Partially cloudy,1026.0,2018-02-03T06:32:56,2018-02-03T17:48:04
2018-02-04,13.8,48.3,0.0,0.0,19.4,32.2,81.8,136.5,Partially cloudy,1025.4,2018-02-04T06:32:32,2018-02-04T17:48:40
2018-02-05,12.7,50.9,0.0,0.0,17.5,6.5,78.8,115.5,Partially cloudy,1027.7,2018-02-05T06:32:08,2018-02-05T17:49:15
2018-02-06,13.3,44.8,0.0,0.0,10.3,61.8,83.7,126.3,Partially cloudy,1023.6,2018-02-06T06:31:42,2018-02-06T17:49:50
2018-02-07,13.8,48.0,0.0,0.0,13.9,42.7,88.0,83.9,Partially cloudy,1021.1,2018-02-07T06:31:16,2018-02-07T17:50:25
2018-02-08,14.7,42.4,0.0,0.0,11.6,52.1,72.0,181.8,Partially cloudy,1018.5,2018-02-08T06:30:48,2018-02-08T17:50:58
2018-02-09,15.2,66.7,0.0,0.0,13.9,85.5,70.0,175.1,Partially cloudy,1013.9,2018-02-09T06:30:19,2018-02-09T17:51:32
2018-02-10,16.8,83.2,0.098,4.17,13.9,33.0,92.6,46.1,"Rain, Overcast",1016.6,2018-02-10T06:29:49,2018-02-10T17:52:05
2018-02-11,15.7,67.5,0.346,8.33,19.4,37.1,91.9,47.2,"Rain, Overcast",1022.5,2018-02-11T06:29:17,2018-02-11T17:52:37
2018-02-12,14.2,71.3,0.098,4.17,14.8,22.3,90.2,39.5,"Rain, Overcast",1026.7,2018-02-12T06:28:45,2018-02-12T17:53:09
2018-02-13,15.9,64.0,0.0,0.0,9.4,48.8,79.1,131.2,Partially cloudy,1022.7,2018-02-13T06:28:12,2018-02-13T17:53:41
2018-02-14,17.7,77.4,0.0,0.0,18.4,111.0,83.8,206.1,Partially cloudy,1016.4,2018-02-14T06:27:38,2018-02-14T17:54:12
2018-02-15,19.7,81.1,0.0,0.0,16.6,107.4,91.9,172.8,Overcast,1013.9,2018-02-15T06:27:02,2018-02-15T17:54:42
2018-02-16,20.7,84.4,0.208,12.5,10.3,123.1,73.7,94.4,"Rain, Partially cloudy",1014.6,2018-02-16T06:26:26,2018-02-16T17:55:12
2018-02-17,21.3,81.1,0.3,12.5,17.5,116.4,88.1,119.1,"Rain, Partially cloudy",1014.0,2018-02-17T06:25:49,2018-02-17T17:55:41
2018-02-18,20.4,84.2,0.2,8.33,16.6,116.3,83.8,83.1,"Rain, Partially cloudy",1014.5,2018-02-18T06:25:11,2018-02-18T17:56:10
2018-02-19,21.6,88.6,0.297,12.5,15.7,129.5,90.9,82.8,"Rain, Overcast",1014.0,2018-02-19T06:24:31,2018-02-19T17:56:39
2018-02-20,22.6,87.1,0.788,4.17,17.5,134.2,91.0,86.8,"Rain, Overcast",1012.1,2018-02-20T06:23:51,2018-02-20T17:57:07
2018-02-21,22.7,88.9,0.884,8.33,18.4,132.8,92.5,60.6,"Rain, Overcast",1011.5,2018-02-21T06:23:11,2018-02-21T17:57:35
2018-02-22,18.5,85.5,2.178,12.5,24.1,66.9,92.7,29.5,"Rain, Overcast",1015.5,2018-02-22T06:22:29,2018-02-22T17:58:02
2018-02-23,15.8,68.6,0.463,12.5,22.3,69.7,88.3,71.1,"Rain, Partially cloudy",1019.2,2018-02-23T06:21:47,2018-02-23T17:58:28
2018-02-24,16.8,83.5,0.098,4.17,9.4,51.5,91.9,163.6,"Rain, Overcast",1017.8,2018-02-24T06:21:03,2018-02-24T17:58:54
2018-02-25,18.3,87.8,0.889,12.5,11.2,326.6,91.9,58.0,"Rain, Overcast",1018.4,2018-02-25T06:20:19,2018-02-25T17:59:20
2018-02-26,19.2,84.1,0.527,12.5,13.9,86.7,91.9,58.1,"Rain, Overcast",1017.5,2018-02-26T06:19:35,2018-02-26T17:59:45
2018-02-27,19.8,89.3,0.196,8.33,18.5,125.2,89.3,54.8,"Rain, Partially cloudy",1013.7,2018-02-27T06:18:49,2018-02-27T18:00:10
2018-02-28,22.1,83.7,0.1,4.17,17.5,134.6,91.8,94.2,"Rain, Overcast",1012.5,2018-02-28T06:18:03,2018-02-28T18:00:35
2018-03-01,23.2,82.7,0.098,4.17,23.2,120.7,87.0,143.8,"Rain, Partially cloudy",1009.4,2018-03-01T06:17:16,2018-03-01T18:00:59
2018-03-02,23.1,89.2,0.1,8.33,19.4,122.8,88.0,164.5,"Rain, Partially cloudy",1008.0,2018-03-02T06:16:29,2018-03-02T18:01:22
2018-03-03,24.1,87.4,0.196,8.33,21.4,113.1,86.2,181.8,"Rain, Partially cloudy",1006.6,2018-03-03T06:15:41,2018-03-03T18:01:46
2018-03-04,25.2,84.5,0.0,0.0,17.5,100.3,79.5,227.5,Partially cloudy,1006.1,2018-03-04T06:14:52,2018-03-04T18:02:08
2018-03-05,25.7,78.0,0.3,12.5,19.4,116.5,64.3,218.2,"Rain, Partially cloudy",1009.1,2018-03-05T06:14:03,2018-03-05T18:02:31
2018-03-06,25.3,78.2,0.002,4.17,21.2,132.7,89.7,109.5,"Rain, Partially cloudy",1012.1,2018-03-06T06:13:14,2018-03-06T18:02:53
2018-03-07,24.7,86.1,0.203,8.33,21.4,126.4,90.6,104.1,"Rain, Overcast",1012.9,2018-03-07T06:12:24,2018-03-07T18:03:15
2018-03-08,19.3,63.5,4.199,12.5,33.5,27.1,87.2,73.1,"Rain, Partially cloudy",1020.2,2018-03-08T06:11:33,2018-03-08T18:03:36
2018-03-09,19.3,55.0,0.0,0.0,20.5,79.5,27.1,264.3,Partially cloudy,1022.3,2018-03-09T06:10:42,2018-03-09T18:03:58
2018-03-10,18.4,61.0,0.0,0.0,20.5,125.0,10.6,259.6,Clear,1020.3,2018-03-10T06:09:51,2018-03-10T18:04:18
2018-03-11,18.8,71.9,0.9,12.5,13.9,109.4,40.8,103.5,"Rain, Partially cloudy",1018.9,2018-03-11T06:08:59,2018-03-11T18:04:39
2018-03-12,18.9,85.7,0.196,8.33,13.9,278.1,91.2,110.1,"Rain, Overcast",1017.2,2018-03-12T06:08:07,2018-03-12T18:04:59
2018-03-13,19.8,87.6,0.306,8.33,18.4,146.3,84.4,101.4,"Rain, Partially cloudy",1014.0,2018-03-13T06:07:14,2018-03-13T18:05:20
2018-03-14,21.5,85.2,0.098,4.17,19.4,123.6,83.7,119.2,"Rain, Partially cloudy",1011.7,2018-03-14T06:06:21,2018-03-14T18:05:39
2018-03-15,23.2,79.7,0.6,16.67,21.4,125.3,77.5,122.7,"Rain, Partially cloudy",1011.7,2018-03-15T06:05:28,2018-03-15T18:05:59
2018-03-16,22.7,85.6,0.7,25.0,19.4,110.5,91.9,79.2,"Rain, Overcast",1012.3,2018-03-16T06:04:35,2018-03-16T18:06:19
2018-03-17,23.6,86.4,0.112,12.5,24.1,132.0,90.9,116.3,"Rain, Overcast",1011.9,2018-03-17T06:03:42,2018-03-17T18:06:38
2018-03-18,22.8,93.3,19.923,16.67,21.2,125.8,88.8,81.9,"Rain, Partially cloudy",1011.9,2018-03-18T06:02:48,2018-03-18T18:06:57
2018-03-19,24.6,84.6,11.017,8.33,16.6,106.5,90.0,178.4,"Rain, Partially cloudy",1009.1,2018-03-19T06:01:54,2018-03-19T18:07:16
2018-03-20,22.7,66.9,0.3,4.17,24.1,96.1,30.8,280.2,"Rain, Partially cloudy",1013.9,2018-03-20T06:01:00,2018-03-20T18:07:35
2018-03-21,20.7,63.2,0.0,0.0,18.5,100.7,50.4,209.3,Partially cloudy,1017.1,2018-03-21T06:00:06,2018-03-21T18:07:53
2018-03-22,20.4,63.9,0.0,0.0,12.1,95.5,36.9,248.8,Partially cloudy,1016.2,2018-03-22T05:59:11,2018-03-22T18:08:12
2018-03-23,21.1,68.7,0.0,0.0,17.5,112.4,36.8,212.1,Partially cloudy,1016.4,2018-03-23T05:58:17,2018-03-23T18:08:30
2018-03-24,21.8,74.1,0.0,0.0,14.8,127.3,71.8,143.1,Partially cloudy,1016.0,2018-03-24T05:57:23,2018-03-24T18:08:48
2018-03-25,21.9,79.0,0.0,0.0,10.3,96.1,89.1,77.8,Partially cloudy,1017.2,2018-03-25T05:56:28,2018-03-25T18:09:07
2018-03-26,22.8,81.8,0.1,4.17,14.8,129.1,86.9,202.8,"Rain, Partially cloudy",1017.5,2018-03-26T05:55:34,2018-03-26T18:09:25
2018-03-27,23.3,77.1,0.3,4.17,14.8,131.0,66.0,173.3,"Rain, Partially cloudy",1015.4,2018-03-27T05:54:40,2018-03-27T18:09:43
2018-03-28,23.6,77.7,1.4,20.83,20.5,128.2,78.9,154.1,"Rain, Partially cloudy",1012.0,2018-03-28T05:53:45,2018-03-28T18:10:01
2018-03-29,24.4,79.0,0.1,4.17,17.5,120.9,75.3,147.0,"Rain, Partially cloudy",1011.8,2018-03-29T05:52:51,2018-03-29T18:10:19
2018-03-30,24.5,78.8,0.7,16.67,15.7,107.2,76.0,97.1,"Rain, Partially cloudy",1013.4,2018-03-30T05:51:57,2018-03-30T18:10:37
2018-03-31,24.4,78.6,0.1,4.17,14.8,126.6,51.4,191.6,"Rain, Partially cloudy",1013.9,2018-03-31T05:51:03,2018-03-31T18:10:55
2018-04-01,24.7,76.2,0.0,0.0,14.8,122.9,59.3,189.7,Partially cloudy,1013.5,2018-04-01T05:50:09,2018-04-01T18:11:13
2018-04-02,24.9,75.9,0.0,0.0,19.4,113.1,51.9,234.0,Partially cloudy,1012.2,2018-04-02T05:49:15,2018-04-02T18:11:32
2018-04-03,24.7,76.0,0.0,0.0,20.5,123.2,65.4,182.5,Partially cloudy,1011.3,2018-04-03T05:48:22,2018-04-03T18:11:50
2018-04-04,24.7,77.5,0.0,0.0,22.3,127.2,75.3,198.7,Partially cloudy,1010.7,2018-04-04T05:47:29,2018-04-04T18:12:08
2018-04-05,24.9,76.2,0.098,4.17,18.4,128.4,71.8,152.3,"Rain, Partially cloudy",1009.0,2018-04-05T05:46:36,2018-04-05T18:12:26
2018-04-06,21.4,74.3,12.255,12.5,31.5,30.4,86.2,63.0,"Rain, Partially cloudy",1016.4,2018-04-06T05:45:43,2018-04-06T18:12:45
2018-04-07,19.7,49.0,0.017,4.17,21.4,26.4,76.6,96.4,"Rain, Partially cloudy",1025.2,2018-04-07T05:44:51,2018-04-07T18:13:03
2018-04-08,19.7,61.0,0.0,0.0,17.6,115.6,35.9,275.5,Partially cloudy,1020.4,2018-04-08T05:43:59,2018-04-08T18:13:22
2018-04-09,21.2,66.5,0.0,0.0,21.4,107.1,29.3,239.7,Partially cloudy,1015.4,2018-04-09T05:43:07,2018-04-09T18:13:41
2018-04-10,22.5,77.5,0.0,0.0,21.4,128.2,77.4,159.4,Partially cloudy,1011.9,2018-04-10T05:42:16,2018-04-10T18:14:00
2018-04-11,24.1,86.3,0.198,8.33,18.4,134.1,90.7,167.2,"Rain, Overcast",1009.0,2018-04-11T05:41:25,2018-04-11T18:14:19
2018-04-12,25.0,88.2,0.196,8.33,16.6,129.5,91.6,198.4,"Rain, Overcast",1006.7,2018-04-12T05:40:35,2018-04-12T18:14:38
2018-04-13,25.2,92.1,0.098,4.17,13.0,112.9,91.5,233.1,"Rain, Overcast",1007.4,2018-04-13T05:39:45,2018-04-13T18:14:57
2018-04-14,25.4,91.4,0.197,4.17,14.8,90.1,91.1,202.1,"Rain, Overcast",1008.3,2018-04-14T05:38:55,2018-04-14T18:15:16
2018-04-15,21.7,74.5,13.454,12.5,21.4,40.6,91.6,91.7,"Rain, Overcast",1014.1,2018-04-15T05:38:06,2018-04-15T18:15:36
2018-04-16,20.7,81.7,2.953,12.5,16.6,341.7,71.9,88.3,"Rain, Partially cloudy",1016.4,2018-04-16T05:37:18,2018-04-16T18:15:56
2018-04-17,22.7,76.9,0.0,0.0,14.8,90.0,42.0,170.3,Partially cloudy,1016.4,2018-04-17T05:36:30,2018-04-17T18:16:16
2018-04-18,23.1,72.3,0.0,0.0,15.7,116.4,54.8,204.9,Partially cloudy,1014.3,2018-04-18T05:35:42,2018-04-18T18:16:36
2018-04-19,23.8,80.1,0.4,8.33,14.8,112.0,61.1,197.9,"Rain, Partially cloudy",1011.5,2018-04-19T05:34:55,2018-04-19T18:16:56
2018-04-20,25.8,79.7,0.1,4.17,21.4,145.1,65.0,145.6,"Rain, Partially cloudy",1009.6,2018-04-20T05:34:09,2018-04-20T18:17:17
2018-04-21,26.9,81.7,0.4,12.5,27.7,135.2,90.6,166.6,"Rain, Overcast",1008.1,2018-04-21T05:33:23,2018-04-21T18:17:38
2018-04-22,26.8,82.9,0.0,0.0,22.3,126.4,91.6,218.6,Overcast,1006.8,2018-04-22T05:32:38,2018-04-22T18:17:59
2018-04-23,27.0,84.5,0.0,0.0,20.3,113.5,88.0,231.8,Partially cloudy,1005.4,2018-04-23T05:31:54,2018-04-23T18:18:20
2018-04-24,27.2,83.4,0.197,4.17,13.9,128.3,91.3,113.7,"Rain, Overcast",1007.7,2018-04-24T05:31:11,2018-04-24T18:18:42
2018-04-25,24.0,93.0,49.602,12.5,16.6,92.0,91.4,46.5,"Rain, Overcast",1009.7,2018-04-25T05:30:28,2018-04-25T18:19:03
2018-04-26,25.2,83.5,0.002,4.17,14.8,73.3,90.1,94.3,"Rain, Overcast",1011.4,2018-04-26T05:29:46,2018-04-26T18:19:25
2018-04-27,23.5,85.9,76.846,8.33,13.9,344.8,91.6,61.3,"Rain, Overcast",1014.7,2018-04-27T05:29:04,2018-04-27T18:19:47
2018-04-28,24.4,89.3,0.786,8.33,8.5,75.8,89.4,138.6,"Rain, Partially cloudy",1013.5,2018-04-28T05:28:24,2018-04-28T18:20:10
2018-04-29,25.3,87.6,0.098,4.17,13.9,123.4,79.0,76.1,"Rain, Partially cloudy",1011.0,2018-04-29T05:27:44,2018-04-29T18:20:32
2018-04-30,27.2,80.0,0.017,4.17,19.4,122.4,72.3,194.2,"Rain, Partially cloudy",1010.0,2018-04-30T05:27:05,2018-04-30T18:20:55
2018-05-01,28.4,80.5,0.5,20.83,17.5,119.3,73.7,220.0,"Rain, Partially cloudy",1009.9,2018-05-01T05:26:26,2018-05-01T18:21:18
2018-05-02,26.2,92.5,0.098,4.17,16.6,82.7,82.0,169.1,"Rain, Partially cloudy",1011.4,2018-05-02T05:25:49,2018-05-02T18:21:41
2018-05-03,26.2,85.4,4.22,12.5,11.2,77.5,83.8,153.2,"Rain, Partially cloudy",1013.4,2018-05-03T05:25:13,2018-05-03T18:22:05
2018-05-04,27.8,79.8,0.688,4.17,20.3,130.7,77.5,181.1,"Rain, Partially cloudy",1011.7,2018-05-04T05:24:37,2018-05-04T18:22:28
2018-05-05,27.8,84.3,2.105,8.33,22.3,137.8,65.6,213.6,"Rain, Partially cloudy",1011.0,2018-05-05T05:24:02,2018-05-05T18:22:52
2018-05-06,29.2,81.5,0.017,4.17,24.1,127.4,57.8,260.7,"Rain, Partially cloudy",1007.5,2018-05-06T05:23:29,2018-05-06T18:23:16
2018-05-07,31.3,73.4,0.0,0.0,15.7,142.5,36.4,290.0,Partially cloudy,1003.3,2018-05-07T05:22:56,2018-05-07T18:23:40
2018-05-08,30.5,75.3,0.003,4.17,21.4,80.7,38.0,247.6,"Rain, Partially cloudy",1004.1,2018-05-08T05:22:24,2018-05-08T18:24:05
2018-05-09,29.7,77.1,19.4,45.83,25.0,121.2,72.0,136.1,"Rain, Partially cloudy",1007.3,2018-05-09T05:21:53,2018-05-09T18:24:29
2018-05-10,27.6,79.4,0.767,8.33,22.3,114.9,71.5,94.6,"Rain, Partially cloudy",1009.7,2018-05-10T05:21:23,2018-05-10T18:24:54
2018-05-11,27.9,84.1,4.913,4.17,27.7,132.9,80.2,161.8,"Rain, Partially cloudy",1008.8,2018-05-11T05:20:54,2018-05-11T18:25:19
2018-05-12,27.1,82.9,3.0,4.17,22.3,112.3,69.2,188.3,"Rain, Partially cloudy",1009.4,2018-05-12T05:20:26,2018-05-12T18:25:44
2018-05-13,26.6,85.5,106.934,8.33,17.6,110.0,75.9,179.7,"Rain, Partially cloudy",1009.8,2018-05-13T05:19:59,2018-05-13T18:26:09
2018-05-14,28.9,79.5,2.948,4.17,24.1,123.7,56.9,264.0,"Rain, Partially cloudy",1007.8,2018-05-14T05:19:33,2018-05-14T18:26:34
2018-05-15,29.4,75.9,0.017,4.17,24.1,128.7,28.3,299.3,"Rain, Partially cloudy",1004.8,2018-05-15T05:19:08,2018-05-15T18:27:00
2018-05-16,30.4,77.8,0.0,0.0,25.0,126.2,40.4,299.3,Partially cloudy,1004.1,2018-05-16T05:18:44,2018-05-16T18:27:25
2018-05-17,30.6,75.4,0.003,4.17,22.1,113.5,39.4,292.8,"Rain, Partially cloudy",1003.9,2018-05-17T05:18:21,2018-05-17T18:27:50
2018-05-18,29.6,77.3,0.1,4.17,25.9,117.7,53.2,293.2,"Rain, Partially cloudy",1004.4,2018-05-18T05:17:59,2018-05-18T18:28:16
2018-05-19,28.7,78.9,3.944,4.17,19.4,101.8,42.2,295.7,"Rain, Partially cloudy",1005.2,2018-05-19T05:17:39,2018-05-19T18:28:42
2018-05-20,29.9,77.7,19.65,4.17,26.8,121.4,53.2,228.0,"Rain, Partially cloudy",1005.8,2018-05-20T05:17:19,2018-05-20T18:29:07
2018-05-21,29.2,79.5,4.0,33.33,23.2,129.2,65.6,172.6,"Rain, Partially cloudy",1007.3,2018-05-21T05:17:00,2018-05-21T18:29:33
2018-05-22,29.7,74.0,1.5,29.17,18.5,126.3,38.0,244.4,"Rain, Partially cloudy",1008.8,2018-05-22T05:16:43,2018-05-22T18:29:58
2018-05-23,30.0,72.6,0.1,4.17,16.6,131.0,39.3,272.2,"Rain, Partially cloudy",1008.7,2018-05-23T05:16:26,2018-05-23T18:30:24
2018-05-24,30.2,76.2,0.0,0.0,25.9,133.0,35.9,244.6,Partially cloudy,1006.4,2018-05-24T05:16:11,2018-05-24T18:30:49
2018-05-25,31.5,70.6,0.1,4.17,23.2,136.4,43.2,296.2,"Rain, Partially cloudy",1003.9,2018-05-25T05:15:57,2018-05-25T18:31:15
2018-05-26,31.3,70.9,0.5,8.33,22.3,112.9,32.2,277.0,"Rain, Partially cloudy",1004.4,2018-05-26T05:15:44,2018-05-26T18:31:40
2018-05-27,28.4,78.8,52.378,8.33,19.4,40.2,74.6,134.9,"Rain, Partially cloudy",1007.4,2018-05-27T05:15:32,2018-05-27T18:32:05
2018-05-28,25.5,85.6,21.368,12.5,12.1,357.7,86.7,125.1,"Rain, Partially cloudy",1009.9,2018-05-28T05:15:21,2018-05-28T18:32:30
2018-05-29,28.2,82.4,3.0,37.5,20.3,97.6,77.3,179.4,"Rain, Partially cloudy",1008.8,2018-05-29T05:15:11,2018-05-29T18:32:55
2018-05-30,29.6,79.9,24.661,8.33,19.4,121.5,68.2,257.9,"Rain, Partially cloudy",1008.1,2018-05-30T05:15:02,2018-05-30T18:33:19
2018-05-31,29.6,81.3,0.098,4.17,16.6,120.4,59.7,194.2,"Rain, Partially cloudy",1008.5,2018-05-31T05:14:54,2018-05-31T18:33:44
2018-06-01,27.0,93.6,15.818,8.33,20.5,89.6,70.1,82.8,"Rain, Partially cloudy",1008.5,2018-06-01T05:14:47,2018-06-01T18:34:08
2018-06-02,27.9,84.5,21.8,62.5,19.4,91.2,57.6,172.0,"Rain, Partially cloudy",1008.3,2018-06-02T05:14:42,2018-06-02T18:34:32
2018-06-03,29.3,80.3,1.965,4.17,18.2,111.5,67.7,201.6,"Rain, Partially cloudy",1006.1,2018-06-03T05:14:37,2018-06-03T18:34:55
2018-06-04,29.5,79.7,0.986,4.17,20.3,33.1,52.3,215.8,"Rain, Partially cloudy",1005.5,2018-06-04T05:14:34,2018-06-04T18:35:18
2018-06-05,28.4,73.1,12.773,8.33,14.1,331.8,73.3,180.0,"Rain, Partially cloudy",1007.0,2018-06-05T05:14:31,2018-06-05T18:35:41
2018-06-06,30.7,68.9,0.1,4.17,12.6,313.3,53.8,277.4,"Rain, Partially cloudy",1004.4,2018-06-06T05:14:30,2018-06-06T18:36:04
2018-06-07,31.5,68.0,0.0,0.0,13.9,326.2,27.0,300.0,Partially cloudy,1002.8,2018-06-07T05:14:30,2018-06-07T18:36:26
2018-06-08,31.7,64.1,0.0,0.0,11.2,297.6,24.1,295.5,Partially cloudy,1000.8,2018-06-08T05:14:30,2018-06-08T18:36:47
2018-06-09,29.7,82.6,17.994,8.33,19.6,334.8,49.2,217.5,"Rain, Partially cloudy",1000.8,2018-06-09T05:14:32,2018-06-09T18:37:08
2018-06-10,30.2,79.9,2.194,12.5,25.9,303.3,58.0,155.3,"Rain, Partially cloudy",1001.7,2018-06-10T05:14:35,2018-06-10T18:37:29
2018-06-11,29.1,84.3,33.002,8.33,19.0,117.3,66.8,129.5,"Rain, Partially cloudy",1001.2,2018-06-11T05:14:38,2018-06-11T18:37:49
2018-06-12,30.6,76.9,7.972,8.33,25.0,217.1,78.3,128.6,"Rain, Partially cloudy",999.5,2018-06-12T05:14:43,2018-06-12T18:38:09
2018-06-13,31.8,64.7,0.098,4.17,20.5,213.4,81.7,126.4,"Rain, Partially cloudy",998.2,2018-06-13T05:14:48,2018-06-13T18:38:28
2018-06-14,30.6,72.5,6.8,37.5,16.6,40.2,71.8,161.6,"Rain, Partially cloudy",999.1,2018-06-14T05:14:55,2018-06-14T18:38:46
2018-06-15,27.3,81.4,20.703,8.33,13.9,320.3,78.9,173.3,"Rain, Partially cloudy",1001.8,2018-06-15T05:15:02,2018-06-15T18:39:04
2018-06-16,28.3,81.7,0.295,4.17,13.9,353.2,75.9,224.7,"Rain, Partially cloudy",1002.4,2018-06-16T05:15:10,2018-06-16T18:39:21
2018-06-17,28.1,86.1,2.168,12.5,15.8,109.9,71.1,157.7,"Rain, Partially cloudy",1001.8,2018-06-17T05:15:19,2018-06-17T18:39:37
2018-06-18,30.0,82.7,5.1,37.5,23.2,120.3,56.5,184.3,"Rain, Partially cloudy",999.9,2018-06-18T05:15:29,2018-06-18T18:39:53
2018-06-19,31.1,78.9,28.788,4.17,20.3,120.0,56.5,247.7,"Rain, Partially cloudy",1000.4,2018-06-19T05:15:40,2018-06-19T18:40:08
2018-06-20,30.9,80.6,2.26,8.33,25.0,111.3,42.7,276.0,"Rain, Partially cloudy",1002.4,2018-06-20T05:15:51,2018-06-20T18:40:22
2018-06-21,31.5,75.3,0.098,4.17,12.1,132.6,52.1,230.3,"Rain, Partially cloudy",1002.0,2018-06-21T05:16:03,2018-06-21T18:40:35
2018-06-22,33.1,66.4,0.0,0.0,13.0,192.6,48.8,267.0,Partially cloudy,1000.7,2018-06-22T05:16:17,2018-06-22T18:40:48
2018-06-23,32.7,63.1,0.1,4.17,12.1,198.4,76.5,189.8,"Rain, Partially cloudy",999.9,2018-06-23T05:16:30,2018-06-23T18:41:00
2018-06-24,30.8,72.8,0.098,4.17,16.6,133.5,67.6,153.2,"Rain, Partially cloudy",1001.0,2018-06-24T05:16:45,2018-06-24T18:41:10
2018-06-25,28.8,80.5,5.5,41.67,19.4,118.3,77.9,82.8,"Rain, Partially cloudy",1002.5,2018-06-25T05:17:00,2018-06-25T18:41:21
2018-06-26,28.2,87.6,0.196,8.33,15.7,95.0,62.9,121.1,"Rain, Partially cloudy",1005.8,2018-06-26T05:17:16,2018-06-26T18:41:30
2018-06-27,26.0,96.0,19.651,8.33,12.1,95.4,72.8,141.5,"Rain, Partially cloudy",1008.1,2018-06-27T05:17:32,2018-06-27T18:41:38
2018-06-28,29.8,75.1,0.0,0.0,13.0,142.5,43.0,289.4,Partially cloudy,1005.6,2018-06-28T05:17:49,2018-06-28T18:41:45
2018-06-29,31.5,69.5,0.0,0.0,17.5,124.0,46.7,289.7,Partially cloudy,1001.3,2018-06-29T05:18:07,2018-06-29T18:41:52
2018-06-30,32.4,69.3,0.4,4.17,16.6,112.1,42.6,293.6,"Rain, Partially cloudy",999.9,2018-06-30T05:18:25,2018-06-30T18:41:57
2018-07-01,33.1,68.2,0.4,4.17,15.7,132.9,74.6,291.1,"Rain, Partially cloudy",999.6,2018-07-01T05:18:44,2018-07-01T18:42:01
2018-07-02,33.7,63.6,1.4,4.17,20.3,204.4,57.4,296.1,"Rain, Partially cloudy",997.9,2018-07-02T05:19:03,2018-07-02T18:42:05
2018-07-03,34.5,55.2,0.0,0.0,20.5,229.4,76.7,303.2,Partially cloudy,996.8,2018-07-03T05:19:22,2018-07-03T18:42:07
2018-07-04,34.7,53.1,0.0,0.0,15.7,229.7,61.7,299.2,Partially cloudy,996.4,2018-07-04T05:19:43,2018-07-04T18:42:08
2018-07-05,34.4,61.1,0.2,4.17,18.4,128.6,41.6,297.6,"Rain, Partially cloudy",996.7,2018-07-05T05:20:03,2018-07-05T18:42:09
2018-07-06,33.3,66.5,5.5,16.67,22.1,91.3,78.4,258.6,"Rain, Partially cloudy",997.6,2018-07-06T05:20:24,2018-07-06T18:42:08
2018-07-07,29.8,81.7,0.098,4.17,13.9,62.5,73.7,142.2,"Rain, Partially cloudy",999.5,2018-07-07T05:20:45,2018-07-07T18:42:06
2018-07-08,28.9,87.1,0.116,4.17,16.6,105.1,65.2,69.3,"Rain, Partially cloudy",1001.2,2018-07-08T05:21:07,2018-07-08T18:42:03
2018-07-09,29.0,83.7,0.487,12.5,19.4,98.2,64.6,167.1,"Rain, Partially cloudy",1003.4,2018-07-09T05:21:29,2018-07-09T18:41:59
2018-07-10,28.9,82.3,26.667,8.33,16.7,150.9,72.2,185.4,"Rain, Partially cloudy",1004.1,2018-07-10T05:21:51,2018-07-10T18:41:54
2018-07-11,30.2,74.7,0.402,8.33,9.5,277.9,54.0,266.9,"Rain, Partially cloudy",1002.1,2018-07-11T05:22:13,2018-07-11T18:41:48
2018-07-12,31.6,71.0,0.5,12.5,15.7,4.0,48.2,278.5,"Rain, Partially cloudy",1000.6,2018-07-12T05:22:36,2018-07-12T18:41:41
2018-07-13,29.1,81.3,0.85,12.5,14.9,320.3,77.6,192.8,"Rain, Partially cloudy",1001.2,2018-07-13T05:22:59,2018-07-13T18:41:32
2018-07-14,27.7,90.2,33.785,12.5,15.7,311.6,78.2,91.5,"Rain, Partially cloudy",1001.2,2018-07-14T05:23:22,2018-07-14T18:41:23
2018-07-15,26.9,94.2,28.392,33.33,14.4,314.3,89.6,73.4,"Rain, Partially cloudy",1001.5,2018-07-15T05:23:45,2018-07-15T18:41:12
2018-07-16,29.0,79.1,22.215,33.33,20.5,2.5,88.9,99.5,"Rain, Partially cloudy",1001.3,2018-07-16T05:24:08,2018-07-16T18:41:00
2018-07-17,28.2,81.0,37.223,25.0,15.7,339.1,84.2,91.8,"Rain, Partially cloudy",1002.0,2018-07-17T05:24:32,2018-07-17T18:40:47
2018-07-18,28.0,88.4,10.702,12.5,13.9,321.1,56.6,132.3,"Rain, Partially cloudy",1000.7,2018-07-18T05:24:55,2018-07-18T18:40:33
2018-07-19,27.0,95.5,32.192,16.67,25.0,51.4,88.2,47.7,"Rain, Partially cloudy",1001.8,2018-07-19T05:25:19,2018-07-19T18:40:18
2018-07-20,27.0,96.0,10.825,8.33,16.6,79.9,79.8,30.9,"Rain, Partially cloudy",1001.8,2018-07-20T05:25:42,2018-07-20T18:40:02
2018-07-21,26.4,96.5,179.129,16.67,16.4,38.1,89.4,40.1,"Rain, Partially cloudy",1000.0,2018-07-21T05:26:06,2018-07-21T18:39:44
2018-07-22,30.0,73.8,1.979,4.17,15.7,346.0,74.8,216.4,"Rain, Partially cloudy",999.4,2018-07-22T05:26:29,2018-07-22T18:39:26
2018-07-23,30.1,75.7,7.9,29.17,10.8,329.2,57.3,266.7,"Rain, Partially cloudy",998.6,2018-07-23T05:26:53,2018-07-23T18:39:06
2018-07-24,30.1,75.9,1.9,12.5,13.0,330.5,57.4,205.3,"Rain, Partially cloudy",999.4,2018-07-24T05:27:17,2018-07-24T18:38:45
2018-07-25,28.9,82.4,0.002,4.17,18.0,109.3,64.3,160.7,"Rain, Partially cloudy",1000.9,2018-07-25T05:27:40,2018-07-25T18:38:23
2018-07-26,27.8,88.2,13.454,16.67,16.6,94.7,70.8,163.1,"Rain, Partially cloudy",1002.8,2018-07-26T05:28:03,2018-07-26T18:38:00
2018-07-27,26.7,96.3,44.011,16.67,13.0,38.8,85.1,93.7,"Rain, Partially cloudy",1002.9,2018-07-27T05:28:27,2018-07-27T18:37:36
2018-07-28,27.3,91.1,0.775,8.33,15.7,59.7,84.3,105.1,"Rain, Partially cloudy",1002.7,2018-07-28T05:28:50,2018-07-28T18:37:11
2018-07-29,27.7,87.7,9.249,12.5,16.6,55.5,79.6,123.9,"Rain, Partially cloudy",1002.4,2018-07-29T05:29:13,2018-07-29T18:36:45
2018-07-30,28.0,88.2,43.458,12.5,11.2,9.3,81.4,117.7,"Rain, Partially cloudy",1002.3,2018-07-30T05:29:36,2018-07-30T18:36:17
2018-07-31,27.8,89.8,84.648,8.33,23.2,101.2,79.1,146.2,"Rain, Partially cloudy",1002.7,2018-07-31T05:29:58,2018-07-31T18:35:49
2018-08-01,28.2,86.4,5.596,12.5,9.4,77.3,77.6,129.6,"Rain, Partially cloudy",1002.8,2018-08-01T05:30:21,2018-08-01T18:35:20
2018-08-02,28.1,90.1,3.471,12.5,14.8,115.5,68.5,153.4,"Rain, Partially cloudy",1001.7,2018-08-02T05:30:43,2018-08-02T18:34:49
2018-08-03,28.4,85.4,6.367,12.5,12.1,87.4,65.0,118.0,"Rain, Partially cloudy",1000.5,2018-08-03T05:31:06,2018-08-03T18:34:18
2018-08-04,27.2,94.5,3.122,8.33,13.0,50.3,78.3,96.1,"Rain, Partially cloudy",1002.3,2018-08-04T05:31:28,2018-08-04T18:33:45
2018-08-05,27.1,92.7,4.572,12.5,9.4,36.5,69.3,100.1,"Rain, Partially cloudy",1004.7,2018-08-05T05:31:49,2018-08-05T18:33:12
2018-08-06,29.1,82.6,0.1,4.17,17.5,127.2,62.0,162.4,"Rain, Partially cloudy",1004.3,2018-08-06T05:32:11,2018-08-06T18:32:38
2018-08-07,28.1,90.4,0.175,4.17,13.0,331.7,51.6,201.8,"Rain, Partially cloudy",1003.6,2018-08-07T05:32:32,2018-08-07T18:32:02
2018-08-08,29.1,84.6,0.035,4.17,11.2,65.3,52.7,188.3,"Rain, Partially cloudy",1003.5,2018-08-08T05:32:53,2018-08-08T18:31:26
2018-08-09,29.0,84.1,0.4,12.5,13.9,291.6,47.7,257.0,"Rain, Partially cloudy",1003.2,2018-08-09T05:33:14,2018-08-09T18:30:49
2018-08-10,30.1,81.5,0.1,4.17,14.1,281.5,45.6,196.7,"Rain, Partially cloudy",1001.1,2018-08-10T05:33:35,2018-08-10T18:30:11
2018-08-11,30.2,78.2,0.3,8.33,12.1,327.1,49.4,270.2,"Rain, Partially cloudy",999.1,2018-08-11T05:33:55,2018-08-11T18:29:32
2018-08-12,29.0,82.5,57.14,8.33,15.7,292.4,67.2,177.9,"Rain, Partially cloudy",998.8,2018-08-12T05:34:15,2018-08-12T18:28:52
2018-08-13,30.5,74.3,2.192,4.17,13.9,274.6,66.2,283.2,"Rain, Partially cloudy",998.7,2018-08-13T05:34:35,2018-08-13T18:28:11
2018-08-14,30.9,78.4,0.0,0.0,17.5,287.5,58.4,223.3,Partially cloudy,998.2,2018-08-14T05:34:55,2018-08-14T18:27:29
2018-08-15,28.1,92.1,7.384,12.5,19.4,327.6,84.1,141.2,"Rain, Partially cloudy",999.6,2018-08-15T05:35:14,2018-08-15T18:26:47
2018-08-16,27.3,95.8,16.503,20.83,20.3,301.8,91.5,51.1,"Rain, Overcast",997.8,2018-08-16T05:35:33,2018-08-16T18:26:04
2018-08-17,26.9,96.4,23.518,25.0,19.4,12.7,91.2,46.1,"Rain, Overcast",998.4,2018-08-17T05:35:52,2018-08-17T18:25:20
2018-08-18,27.3,92.0,5.839,16.67,15.7,340.7,85.5,116.8,"Rain, Partially cloudy",1001.1,2018-08-18T05:36:11,2018-08-18T18:24:35
2018-08-19,29.4,82.8,0.174,8.33,15.7,244.7,48.8,204.0,"Rain, Partially cloudy",1002.1,2018-08-19T05:36:29,2018-08-19T18:23:50
2018-08-20,30.9,79.7,0.2,8.33,11.2,141.2,40.9,216.7,"Rain, Partially cloudy",1001.9,2018-08-20T05:36:47,2018-08-20T18:23:03
2018-08-21,29.3,84.6,10.8,33.33,14.8,30.9,61.0,211.5,"Rain, Partially cloudy",1000.3,2018-08-21T05:37:05,2018-08-21T18:22:17
2018-08-22,29.9,81.8,0.539,4.17,14.8,68.6,55.7,175.5,"Rain, Partially cloudy",1000.2,2018-08-22T05:37:23,2018-08-22T18:21:29
2018-08-23,29.7,84.9,8.155,4.17,18.4,3.9,65.4,194.8,"Rain, Partially cloudy",1001.9,2018-08-23T05:37:40,2018-08-23T18:20:41
2018-08-24,29.5,83.1,0.098,4.17,28.8,311.9,62.7,216.1,"Rain, Partially cloudy",1002.6,2018-08-24T05:37:57,2018-08-24T18:19:52
2018-08-25,29.2,80.0,13.762,4.17,13.0,305.5,61.1,178.0,"Rain, Partially cloudy",1001.9,2018-08-25T05:38:14,2018-08-25T18:19:02
2018-08-26,29.7,76.7,2.0,29.17,13.0,357.4,40.8,246.7,"Rain, Partially cloudy",1001.2,2018-08-26T05:38:31,2018-08-26T18:18:12
2018-08-27,29.0,82.9,0.151,4.17,21.4,344.0,45.5,244.4,"Rain, Partially cloudy",1001.9,2018-08-27T05:38:47,2018-08-27T18:17:22
2018-08-28,26.1,98.3,59.897,12.5,14.8,264.1,90.1,50.8,"Rain, Overcast",1002.5,2018-08-28T05:39:04,2018-08-28T18:16:31
2018-08-29,25.6,98.5,44.339,16.67,15.7,279.6,88.0,73.5,"Rain, Partially cloudy",999.7,2018-08-29T05:39:20,2018-08-29T18:15:39
2018-08-30,26.3,98.7,75.466,16.67,18.4,25.6,89.9,33.7,"Rain, Partially cloudy",998.4,2018-08-30T05:39:36,2018-08-30T18:14:47
2018-08-31,29.3,83.9,1.081,8.33,19.4,114.3,78.4,167.6,"Rain, Partially cloudy",1003.6,2018-08-31T05:39:51,2018-08-31T18:13:54
2018-09-01,30.0,83.6,0.098,4.17,20.5,100.7,63.1,166.3,"Rain, Partially cloudy",1005.4,2018-09-01T05:40:07,2018-09-01T18:13:01
2018-09-02,27.8,96.0,0.8,12.5,18.5,99.6,81.5,61.1,"Rain, Partially cloudy",1003.9,2018-09-02T05:40:22,2018-09-02T18:12:08
2018-09-03,26.2,95.6,72.442,12.5,17.6,97.4,77.4,80.6,"Rain, Partially cloudy",1004.9,2018-09-03T05:40:37,2018-09-03T18:11:14
2018-09-04,28.9,81.2,1.5,33.33,12.1,106.9,55.6,224.0,"Rain, Partially cloudy",1005.6,2018-09-04T05:40:52,2018-09-04T18:10:19
2018-09-05,30.4,78.9,0.0,0.0,13.5,95.6,45.3,248.9,Partially cloudy,1004.2,2018-09-05T05:41:07,2018-09-05T18:09:25
2018-09-06,31.1,81.8,0.6,12.5,16.6,102.0,50.5,248.1,"Rain, Partially cloudy",1003.6,2018-09-06T05:41:22,2018-09-06T18:08:30
2018-09-07,29.7,80.5,7.6,37.5,26.8,37.7,59.3,125.7,"Rain, Partially cloudy",1006.1,2018-09-07T05:41:37,2018-09-07T18:07:34
2018-09-08,27.9,63.7,0.157,4.17,14.8,354.7,96.1,136.1,"Rain, Overcast",1009.9,2018-09-08T05:41:51,2018-09-08T18:06:39
2018-09-09,27.8,62.8,0.007,4.17,13.0,46.5,66.2,222.0,"Rain, Partially cloudy",1011.8,2018-09-09T05:42:06,2018-09-09T18:05:43
2018-09-10,27.5,73.8,1.6,20.83,12.1,92.0,58.6,197.0,"Rain, Partially cloudy",1012.4,2018-09-10T05:42:20,2018-09-10T18:04:47
2018-09-11,28.1,79.9,1.0,25.0,12.1,115.2,45.0,203.8,"Rain, Partially cloudy",1010.1,2018-09-11T05:42:35,2018-09-11T18:03:51
2018-09-12,29.0,76.0,0.2,8.33,12.1,95.0,42.8,218.5,"Rain, Partially cloudy",1007.9,2018-09-12T05:42:49,2018-09-12T18:02:54
2018-09-13,29.6,70.7,0.1,4.17,13.0,87.8,36.8,234.4,"Rain, Partially cloudy",1007.3,2018-09-13T05:43:03,2018-09-13T18:01:57
2018-09-14,27.7,87.2,0.393,8.33,16.7,35.2,72.1,193.4,"Rain, Partially cloudy",1009.1,2018-09-14T05:43:18,2018-09-14T18:01:01
2018-09-15,29.1,79.8,0.3,12.5,14.8,294.8,28.6,247.2,"Rain, Partially cloudy",1007.6,2018-09-15T05:43:32,2018-09-15T18:00:04
2018-09-16,30.8,73.3,0.0,0.0,21.4,306.3,26.6,242.7,Partially cloudy,1001.1,2018-09-16T05:43:46,2018-09-16T17:59:07
2018-09-17,27.5,78.3,2.2,50.0,18.4,302.2,94.8,80.5,"Rain, Overcast",1000.8,2018-09-17T05:44:00,2018-09-17T17:58:10
2018-09-18,26.0,98.2,47.615,8.33,11.2,43.4,80.0,63.8,"Rain, Partially cloudy",1008.5,2018-09-18T05:44:15,2018-09-18T17:57:12
2018-09-19,26.3,91.2,26.93,16.67,14.8,45.9,71.2,91.6,"Rain, Partially cloudy",1011.8,2018-09-19T05:44:29,2018-09-19T17:56:15
2018-09-20,28.7,78.6,1.1,33.33,13.9,113.1,43.0,227.0,"Rain, Partially cloudy",1011.3,2018-09-20T05:44:44,2018-09-20T17:55:18
2018-09-21,29.0,74.6,0.0,0.0,13.1,97.8,23.9,258.8,Partially cloudy,1011.3,2018-09-21T05:44:58,2018-09-21T17:54:21
2018-09-22,29.5,72.4,0.0,0.0,8.5,81.1,28.0,250.9,Partially cloudy,1012.7,2018-09-22T05:45:13,2018-09-22T17:53:24
2018-09-23,29.4,74.6,0.0,0.0,10.3,99.0,28.2,231.3,Partially cloudy,1012.6,2018-09-23T05:45:27,2018-09-23T17:52:27
2018-09-24,29.5,75.1,0.0,0.0,14.8,98.7,12.7,252.3,Clear,1010.0,2018-09-24T05:45:42,2018-09-24T17:51:30
2018-09-25,29.4,78.3,0.4,8.33,17.1,115.0,37.4,221.4,"Rain, Partially cloudy",1007.2,2018-09-25T05:45:57,2018-09-25T17:50:33
2018-09-26,28.8,85.7,9.236,12.5,18.4,102.3,71.6,161.1,"Rain, Partially cloudy",1006.9,2018-09-26T05:46:12,2018-09-26T17:49:37
2018-09-27,26.5,96.8,79.248,16.67,16.7,75.1,89.8,54.1,"Rain, Partially cloudy",1008.2,2018-09-27T05:46:28,2018-09-27T17:48:40
2018-09-28,25.0,87.9,3.294,12.5,18.4,354.7,93.8,35.4,"Rain, Overcast",1011.7,2018-09-28T05:46:43,2018-09-28T17:47:44
2018-09-29,26.9,73.3,0.003,4.17,17.6,334.7,49.1,203.2,"Rain, Partially cloudy",1011.9,2018-09-29T05:46:59,2018-09-29T17:46:48
2018-09-30,27.6,63.8,0.0,0.0,13.9,35.9,41.9,229.5,Partially cloudy,1011.6,2018-09-30T05:47:15,2018-09-30T17:45:53
2018-10-01,27.3,65.8,0.0,0.0,13.9,20.7,15.6,220.0,Clear,1013.9,2018-10-01T05:47:31,2018-10-01T17:44:57
2018-10-02,26.9,64.6,0.0,0.0,12.1,21.5,19.3,260.5,Clear,1014.8,2018-10-02T05:47:47,2018-10-02T17:44:02
2018-10-03,27.1,62.8,0.0,0.0,8.5,59.6,40.6,233.1,Partially cloudy,1015.2,2018-10-03T05:48:04,2018-10-03T17:43:07
2018-10-04,27.1,64.1,0.0,0.0,14.8,0.5,8.9,261.1,Clear,1015.3,2018-10-04T05:48:21,2018-10-04T17:42:13
2018-10-05,26.8,65.0,0.0,0.0,9.4,334.9,10.8,251.2,Clear,1014.2,2018-10-05T05:48:38,2018-10-05T17:41:19
2018-10-06,27.2,69.0,0.0,0.0,14.8,80.9,16.0,225.9,Clear,1013.5,2018-10-06T05:48:55,2018-10-06T17:40:25
2018-10-07,27.7,64.0,0.0,0.0,14.8,102.8,34.2,213.0,Partially cloudy,1013.7,2018-10-07T05:49:13,2018-10-07T17:39:32
2018-10-08,27.5,71.5,0.0,0.0,18.4,115.9,19.5,202.3,Clear,1013.0,2018-10-08T05:49:31,2018-10-08T17:38:40
2018-10-09,27.7,73.6,2.7,12.5,23.2,82.1,40.0,223.2,"Rain, Partially cloudy",1012.4,2018-10-09T05:49:50,2018-10-09T17:37:48
2018-10-10,21.1,91.1,39.301,12.5,22.3,351.7,92.9,63.3,"Rain, Overcast",1017.6,2018-10-10T05:50:09,2018-10-10T17:36:56
2018-10-11,23.4,63.4,0.0,0.0,13.9,359.7,86.3,147.8,Partially cloudy,1018.7,2018-10-11T05:50:28,2018-10-11T17:36:05
2018-10-12,24.4,63.5,0.0,0.0,14.8,20.3,60.5,181.9,Partially cloudy,1018.4,2018-10-12T05:50:48,2018-10-12T17:35:14
2018-10-13,24.8,71.0,0.005,4.17,13.9,82.7,52.4,174.2,"Rain, Partially cloudy",1015.8,2018-10-13T05:51:08,2018-10-13T17:34:24
2018-10-14,27.5,76.9,0.0,0.0,22.3,139.2,66.9,189.9,Partially cloudy,1012.4,2018-10-14T05:51:28,2018-10-14T17:33:35
2018-10-15,28.4,80.3,6.8,16.67,22.3,107.1,67.9,154.7,"Rain, Partially cloudy",1011.9,2018-10-15T05:51:49,2018-10-15T17:32:47
2018-10-16,22.4,86.3,3.145,12.5,25.0,29.4,91.9,42.3,"Rain, Overcast",1012.9,2018-10-16T05:52:10,2018-10-16T17:31:59
2018-10-17,21.7,86.3,1.42,8.33,15.7,40.0,91.9,32.3,"Rain, Overcast",1012.3,2018-10-17T05:52:32,2018-10-17T17:31:11
2018-10-18,21.5,85.4,0.99,8.33,16.6,32.7,91.8,42.5,"Rain, Overcast",1013.6,2018-10-18T05:52:54,2018-10-18T17:30:25
2018-10-19,22.2,96.4,0.589,8.33,11.2,328.5,91.9,59.6,"Rain, Overcast",1015.2,2018-10-19T05:53:17,2018-10-19T17:29:39
2018-10-20,24.8,93.1,4.035,16.67,10.1,314.1,91.8,80.9,"Rain, Overcast",1015.4,2018-10-20T05:53:40,2018-10-20T17:28:54
2018-10-21,27.7,81.8,0.098,4.17,13.9,136.2,58.7,148.3,"Rain, Partially cloudy",1014.1,2018-10-21T05:54:03,2018-10-21T17:28:10
2018-10-22,26.7,87.4,3.031,12.5,21.4,100.8,69.4,130.0,"Rain, Partially cloudy",1013.5,2018-10-22T05:54:28,2018-10-22T17:27:27
2018-10-23,24.2,95.8,35.646,8.33,22.3,68.8,86.1,43.2,"Rain, Partially cloudy",1014.6,2018-10-23T05:54:52,2018-10-23T17:26:45
2018-10-24,23.9,92.9,5.385,16.67,16.6,69.5,71.2,88.1,"Rain, Partially cloudy",1014.8,2018-10-24T05:55:17,2018-10-24T17:26:03
2018-10-25,27.2,83.7,1.7,29.17,19.4,126.4,44.3,168.8,"Rain, Partially cloudy",1014.4,2018-10-25T05:55:43,2018-10-25T17:25:22
2018-10-26,26.8,85.9,3.1,41.67,20.5,76.9,63.0,129.8,"Rain, Partially cloudy",1016.2,2018-10-26T05:56:09,2018-10-26T17:24:43
2018-10-27,24.8,70.6,0.107,8.33,18.4,14.7,74.4,67.1,"Rain, Partially cloudy",1018.8,2018-10-27T05:56:36,2018-10-27T17:24:04
2018-10-28,24.7,77.3,0.014,4.17,13.9,339.0,61.1,93.5,"Rain, Partially cloudy",1017.8,2018-10-28T05:57:03,2018-10-28T17:23:26
2018-10-29,26.0,71.0,0.0,0.0,9.8,333.3,40.0,204.3,Partially cloudy,1016.3,2018-10-29T05:57:31,2018-10-29T17:22:50
2018-10-30,25.6,66.7,0.0,0.0,16.6,356.4,13.2,227.7,Clear,1017.1,2018-10-30T05:57:59,2018-10-30T17:22:14
2018-10-31,24.9,54.9,0.0,0.0,20.3,343.1,8.5,231.0,Clear,1017.9,2018-10-31T05:58:28,2018-10-31T17:21:39
2018-11-01,23.1,59.3,0.0,0.0,19.4,338.6,0.9,233.0,Clear,1016.1,2018-11-01T05:58:57,2018-11-01T17:21:06
2018-11-02,22.7,60.3,0.0,0.0,14.8,349.2,1.9,228.5,Clear,1016.4,2018-11-02T05:59:27,2018-11-02T17:20:33
2018-11-03,22.8,66.8,0.0,0.0,8.0,188.3,0.1,224.2,Clear,1016.1,2018-11-03T05:59:57,2018-11-03T17:20:02
2018-11-04,24.1,76.7,0.0,0.0,17.5,121.7,39.9,165.6,Partially cloudy,1014.7,2018-11-04T06:00:28,2018-11-04T17:19:32
2018-11-05,25.4,77.2,0.0,0.0,14.8,104.5,27.8,145.9,Partially cloudy,1014.8,2018-11-05T06:00:59,2018-11-05T17:19:03
2018-11-06,26.1,76.0,0.9,16.67,13.9,82.8,31.9,141.2,"Rain, Partially cloudy",1015.4,2018-11-06T06:01:31,2018-11-06T17:18:35
2018-11-07,26.8,76.1,4.4,58.33,14.8,111.3,53.5,86.6,"Rain, Partially cloudy",1015.8,2018-11-07T06:02:03,2018-11-07T17:18:09
2018-11-08,23.6,70.6,1.5,25.0,25.9,21.8,78.4,53.8,"Rain, Partially cloudy",1016.9,2018-11-08T06:02:36,2018-11-08T17:17:43
2018-11-09,22.0,73.9,11.9,58.33,9.4,353.2,87.3,26.9,"Rain, Partially cloudy",1016.1,2018-11-09T06:03:10,2018-11-09T17:17:19
2018-11-10,22.4,93.4,4.028,8.33,6.7,342.6,90.8,44.2,"Rain, Overcast",1015.9,2018-11-10T06:03:44,2018-11-10T17:16:56
2018-11-11,23.8,95.6,0.196,8.33,9.8,24.0,90.2,53.7,"Rain, Overcast",1015.2,2018-11-11T06:04:18,2018-11-11T17:16:34
2018-11-12,24.0,91.9,13.888,12.5,7.6,3.0,88.6,94.3,"Rain, Partially cloudy",1013.4,2018-11-12T06:04:53,2018-11-12T17:16:14
2018-11-13,24.6,86.2,0.983,4.17,17.5,102.2,68.8,42.0,"Rain, Partially cloudy",1012.1,2018-11-13T06:05:28,2018-11-13T17:15:55
2018-11-14,25.6,82.7,0.295,4.17,17.5,119.6,56.6,134.4,"Rain, Partially cloudy",1011.7,2018-11-14T06:06:03,2018-11-14T17:15:37
2018-11-15,26.3,85.5,0.6,12.5,18.5,101.4,51.0,141.7,"Rain, Partially cloudy",1012.2,2018-11-15T06:06:39,2018-11-15T17:15:21
2018-11-16,26.8,81.7,0.4,16.67,16.6,118.8,70.9,135.1,"Rain, Partially cloudy",1012.3,2018-11-16T06:07:16,2018-11-16T17:15:06
2018-11-17,26.2,85.4,1.3,20.83,20.5,119.4,71.8,96.6,"Rain, Partially cloudy",1012.6,2018-11-17T06:07:52,2018-11-17T17:14:52
2018-11-18,26.3,86.4,3.5,33.33,18.4,107.9,76.0,121.1,"Rain, Partially cloudy",1013.6,2018-11-18T06:08:30,2018-11-18T17:14:39
2018-11-19,22.2,87.2,0.196,8.33,19.4,60.1,91.9,29.2,"Rain, Overcast",1015.7,2018-11-19T06:09:07,2018-11-19T17:14:28
2018-11-20,24.3,85.5,0.098,4.17,19.4,101.5,76.2,89.2,"Rain, Partially cloudy",1013.9,2018-11-20T06:09:45,2018-11-20T17:14:18
2018-11-21,25.8,80.5,2.4,29.17,28.8,73.1,79.5,126.8,"Rain, Partially cloudy",1014.5,2018-11-21T06:10:23,2018-11-21T17:14:10
2018-11-22,18.9,69.3,10.155,12.5,23.2,20.4,93.3,33.5,"Rain, Overcast",1021.5,2018-11-22T06:11:01,2018-11-22T17:14:03
2018-11-23,19.6,66.9,0.0,0.0,12.5,23.6,41.6,157.7,Partially cloudy,1020.5,2018-11-23T06:11:39,2018-11-23T17:13:57
2018-11-24,20.3,76.2,0.0,0.0,7.6,324.3,63.1,160.2,Partially cloudy,1018.3,2018-11-24T06:12:18,2018-11-24T17:13:53
2018-11-25,21.9,74.1,0.1,4.17,16.6,340.6,37.1,142.8,"Rain, Partially cloudy",1018.5,2018-11-25T06:12:57,2018-11-25T17:13:50
2018-11-26,22.1,70.4,0.0,0.0,15.7,41.1,23.9,185.1,Partially cloudy,1018.8,2018-11-26T06:13:36,2018-11-26T17:13:49
2018-11-27,21.0,69.4,0.5,4.17,8.5,1.9,18.7,178.2,Rain,1018.9,2018-11-27T06:14:15,2018-11-27T17:13:49
2018-11-28,21.0,73.4,0.0,0.0,10.0,308.4,10.3,195.2,Clear,1019.1,2018-11-28T06:14:54,2018-11-28T17:13:50
2018-11-29,21.7,73.5,0.0,0.0,9.4,97.1,25.5,169.2,Partially cloudy,1019.8,2018-11-29T06:15:33,2018-11-29T17:13:52
2018-11-30,24.0,77.9,0.3,12.5,12.1,100.5,58.6,108.5,"Rain, Partially cloudy",1017.2,2018-11-30T06:16:12,2018-11-30T17:13:56
2018-12-01,24.3,90.2,15.139,12.5,16.6,100.7,83.8,49.4,"Rain, Partially cloudy",1015.0,2018-12-01T06:16:51,2018-12-01T17:14:02
2018-12-02,25.7,82.6,0.2,8.33,16.6,125.1,55.8,123.8,"Rain, Partially cloudy",1012.6,2018-12-02T06:17:30,2018-12-02T17:14:08
2018-12-03,25.8,79.5,0.0,0.0,18.5,133.6,49.2,151.0,Partially cloudy,1013.2,2018-12-03T06:18:09,2018-12-03T17:14:16
2018-12-04,26.0,82.2,0.0,0.0,19.4,129.1,64.1,130.0,Partially cloudy,1014.4,2018-12-04T06:18:48,2018-12-04T17:14:26
2018-12-05,25.6,81.9,0.8,25.0,20.3,123.0,68.2,126.8,"Rain, Partially cloudy",1012.8,2018-12-05T06:19:27,2018-12-05T17:14:36
2018-12-06,25.8,80.1,0.0,0.0,19.4,118.4,63.5,139.6,Partially cloudy,1012.7,2018-12-06T06:20:06,2018-12-06T17:14:48
2018-12-07,23.3,83.0,0.098,4.17,22.3,62.3,88.0,36.7,"Rain, Partially cloudy",1015.5,2018-12-07T06:20:44,2018-12-07T17:15:01
2018-12-08,15.8,85.9,2.732,16.67,25.0,39.1,91.9,16.6,"Rain, Overcast",1020.3,2018-12-08T06:21:22,2018-12-08T17:15:16
2018-12-09,14.1,89.6,4.522,12.5,17.5,37.8,91.6,14.1,"Rain, Overcast",1021.2,2018-12-09T06:21:59,2018-12-09T17:15:31
2018-12-10,16.8,75.2,0.012,8.33,13.0,35.0,89.6,48.5,"Rain, Partially cloudy",1019.6,2018-12-10T06:22:37,2018-12-10T17:15:48
2018-12-11,14.6,83.3,10.439,12.5,20.5,34.1,91.9,12.6,"Rain, Overcast",1022.1,2018-12-11T06:23:14,2018-12-11T17:16:06
2018-12-12,12.0,86.6,33.118,16.67,19.4,20.2,92.0,22.0,"Rain, Overcast",1026.2,2018-12-12T06:23:50,2018-12-12T17:16:26
2018-12-13,13.4,71.4,0.793,4.17,16.6,23.2,89.9,41.0,"Rain, Partially cloudy",1026.2,2018-12-13T06:24:26,2018-12-13T17:16:46
2018-12-14,15.6,65.9,0.0,0.0,16.6,21.0,88.6,70.8,Partially cloudy,1025.5,2018-12-14T06:25:02,2018-12-14T17:17:08
2018-12-15,16.3,69.5,0.0,0.0,11.2,19.9,84.9,100.0,Partially cloudy,1024.0,2018-12-15T06:25:37,2018-12-15T17:17:31
2018-12-16,16.8,68.6,0.0,0.0,17.5,17.1,60.1,70.0,Partially cloudy,1024.5,2018-12-16T06:26:11,2018-12-16T17:17:54
2018-12-17,17.9,62.2,0.0,0.0,13.9,351.0,7.6,183.9,Clear,1023.1,2018-12-17T06:26:45,2018-12-17T17:18:19
2018-12-18,17.9,69.8,0.0,0.0,12.1,84.4,3.0,184.6,Clear,1020.6,2018-12-18T06:27:18,2018-12-18T17:18:45
2018-12-19,20.5,75.4,0.0,0.0,15.7,116.3,52.3,143.8,Partially cloudy,1016.9,2018-12-19T06:27:50,2018-12-19T17:19:12
2018-12-20,22.7,78.5,0.0,0.0,15.7,138.0,46.4,115.8,Partially cloudy,1013.6,2018-12-20T06:28:22,2018-12-20T17:19:40
2018-12-21,24.2,79.7,0.2,8.33,14.8,154.2,57.5,98.7,"Rain, Partially cloudy",1012.6,2018-12-21T06:28:53,2018-12-21T17:20:09
2018-12-22,24.4,82.6,0.157,4.17,17.5,126.2,68.7,93.6,"Rain, Partially cloudy",1014.8,2018-12-22T06:29:23,2018-12-22T17:20:39
2018-12-23,23.3,83.3,1.6,41.67,12.1,101.2,79.5,56.5,"Rain, Partially cloudy",1016.6,2018-12-23T06:29:52,2018-12-23T17:21:09
2018-12-24,21.4,71.1,0.1,4.17,20.5,98.4,83.3,91.1,"Rain, Partially cloudy",1016.1,2018-12-24T06:30:21,2018-12-24T17:21:41
2018-12-25,22.2,75.3,0.0,0.0,21.4,119.4,65.1,135.5,Partially cloudy,1012.6,2018-12-25T06:30:48,2018-12-25T17:22:13
2018-12-26,23.2,80.1,0.1,4.17,16.6,107.3,55.1,106.0,"Rain, Partially cloudy",1012.1,2018-12-26T06:31:15,2018-12-26T17:22:46
2018-12-27,22.4,80.2,3.3,45.83,17.5,82.0,85.2,25.6,"Rain, Partially cloudy",1013.8,2018-12-27T06:31:41,2018-12-27T17:23:20
2018-12-28,16.1,91.0,12.07,16.67,20.5,31.7,91.9,17.3,"Rain, Overcast",1019.2,2018-12-28T06:32:05,2018-12-28T17:23:54
2018-12-29,12.6,80.0,0.983,8.33,23.2,24.0,91.3,25.1,"Rain, Overcast",1025.0,2018-12-29T06:32:29,2018-12-29T17:24:29
2018-12-30,9.8,77.1,10.432,12.5,19.8,7.2,90.1,19.0,"Rain, Overcast",1028.4,2018-12-30T06:32:52,2018-12-30T17:25:05
2018-12-31,11.3,68.7,5.895,4.17,16.6,12.7,80.4,65.5,"Rain, Partially cloudy",1028.9,2018-12-31T06:33:13,2018-12-31T17:25:42
2019-01-01,11.8,64.6,0.0,0.0,19.4,11.6,89.0,50.8,Partially cloudy,1028.4,2019-01-01T06:33:34,2019-01-01T17:26:19
2019-01-02,14.1,62.9,0.1,4.17,17.5,0.0,86.7,43.1,"Rain, Partially cloudy",1026.9,2019-01-02T06:33:53,2019-01-02T17:26:56
2019-01-03,15.3,66.4,0.007,4.17,13.0,38.0,80.6,45.5,"Rain, Partially cloudy",1024.5,2019-01-03T06:34:11,2019-01-03T17:27:34
2019-01-04,16.3,78.1,0.884,4.17,10.3,53.6,83.3,47.4,"Rain, Partially cloudy",1022.3,2019-01-04T06:34:28,2019-01-04T17:28:12
2019-01-05,19.0,79.5,0.0,0.0,11.2,38.5,77.3,89.3,Partially cloudy,1020.5,2019-01-05T06:34:44,2019-01-05T17:28:51
2019-01-06,18.3,84.1,0.104,12.5,12.1,58.1,80.6,43.1,"Rain, Partially cloudy",1020.1,2019-01-06T06:34:58,2019-01-06T17:29:30
2019-01-07,18.5,97.5,0.098,4.17,12.1,54.6,83.3,31.1,"Rain, Partially cloudy",1019.0,2019-01-07T06:35:12,2019-01-07T17:30:10
2019-01-08,17.0,96.0,0.81,8.33,22.3,49.3,74.7,19.9,"Rain, Partially cloudy",1019.0,2019-01-08T06:35:24,2019-01-08T17:30:49
2019-01-09,13.6,98.4,4.964,12.5,17.5,26.3,75.8,21.3,"Rain, Partially cloudy",1020.8,2019-01-09T06:35:35,2019-01-09T17:31:29
2019-01-10,15.0,97.8,1.017,8.33,9.4,17.1,78.5,32.1,"Rain, Partially cloudy",1019.0,2019-01-10T06:35:45,2019-01-10T17:32:10
2019-01-11,17.7,96.4,0.2,8.33,7.4,348.9,73.7,47.4,"Rain, Partially cloudy",1018.1,2019-01-11T06:35:53,2019-01-11T17:32:50
2019-01-12,19.9,94.5,0.098,4.17,13.9,111.4,84.1,47.3,"Rain, Partially cloudy",1017.5,2019-01-12T06:36:00,2019-01-12T17:33:31
2019-01-13,20.6,93.7,0.6,25.0,15.7,118.7,82.7,59.2,"Rain, Partially cloudy",1016.7,2019-01-13T06:36:06,2019-01-13T17:34:11
2019-01-14,21.2,93.7,5.3,37.5,17.6,111.8,74.2,59.5,"Rain, Partially cloudy",1015.3,2019-01-14T06:36:10,2019-01-14T17:34:52
2019-01-15,19.2,87.4,0.1,8.33,24.1,55.7,78.3,31.6,"Rain, Partially cloudy",1017.5,2019-01-15T06:36:13,2019-01-15T17:35:33
2019-01-16,13.5,81.2,0.295,4.17,16.7,18.5,82.8,22.6,"Rain, Partially cloudy",1021.7,2019-01-16T06:36:15,2019-01-16T17:36:14
2019-01-17,14.3,70.8,0.0,0.0,14.8,18.0,84.5,54.6,Partially cloudy,1023.3,2019-01-17T06:36:16,2019-01-17T17:36:54
2019-01-18,15.5,73.2,0.0,0.0,9.4,54.1,82.0,103.8,Partially cloudy,1021.2,2019-01-18T06:36:15,2019-01-18T17:37:35
2019-01-19,17.9,79.1,0.0,0.0,6.8,351.1,82.2,109.1,Partially cloudy,1017.9,2019-01-19T06:36:12,2019-01-19T17:38:16
2019-01-20,18.6,95.4,0.098,4.17,9.6,292.5,88.6,38.8,"Rain, Partially cloudy",1018.1,2019-01-20T06:36:09,2019-01-20T17:38:56
2019-01-21,15.8,77.7,2.179,8.33,23.9,28.5,81.4,28.8,"Rain, Partially cloudy",1022.8,2019-01-21T06:36:04,2019-01-21T17:39:36
2019-01-22,15.6,59.8,0.1,4.17,13.9,29.8,67.0,121.1,"Rain, Partially cloudy",1023.6,2019-01-22T06:35:58,2019-01-22T17:40:16
2019-01-23,16.4,68.7,0.0,0.0,11.2,70.8,73.2,152.2,Partially cloudy,1020.4,2019-01-23T06:35:50,2019-01-23T17:40:56
2019-01-24,17.7,75.4,0.1,4.17,10.3,80.4,84.0,94.4,"Rain, Partially cloudy",1018.5,2019-01-24T06:35:41,2019-01-24T17:41:36
2019-01-25,18.2,92.6,1.8,25.0,11.2,281.0,64.8,91.5,"Rain, Partially cloudy",1020.1,2019-01-25T06:35:31,2019-01-25T17:42:16
2019-01-26,18.9,82.7,0.9,29.17,10.3,17.7,70.1,42.0,"Rain, Partially cloudy",1022.2,2019-01-26T06:35:20,2019-01-26T17:42:55
2019-01-27,18.0,83.5,0.1,4.17,12.1,118.9,39.6,117.2,"Rain, Partially cloudy",1021.2,2019-01-27T06:35:07,2019-01-27T17:43:34
2019-01-28,20.0,78.8,0.2,8.33,18.4,123.9,36.2,100.3,"Rain, Partially cloudy",1018.8,2019-01-28T06:34:53,2019-01-28T17:44:12
2019-01-29,21.0,80.3,0.0,0.0,14.8,118.1,63.6,101.4,Partially cloudy,1018.3,2019-01-29T06:34:37,2019-01-29T17:44:50
2019-01-30,22.5,81.6,0.098,4.17,27.9,135.2,63.7,123.8,"Rain, Partially cloudy",1017.1,2019-01-30T06:34:21,2019-01-30T17:45:28
2019-01-31,22.5,81.8,1.2,29.17,19.4,94.3,65.6,114.6,"Rain, Partially cloudy",1018.4,2019-01-31T06:34:03,2019-01-31T17:46:06
2019-02-01,21.2,80.6,0.5,16.67,17.5,119.7,52.9,111.1,"Rain, Partially cloudy",1019.2,2019-02-01T06:33:44,2019-02-01T17:46:43
2019-02-02,21.1,76.4,0.0,0.0,16.6,125.8,68.4,129.0,Partially cloudy,1015.3,2019-02-02T06:33:23,2019-02-02T17:47:20
2019-02-03,22.1,82.5,0.0,0.0,13.9,106.6,71.7,116.6,Partially cloudy,1015.2,2019-02-03T06:33:01,2019-02-03T17:47:56
2019-02-04,23.1,84.8,0.098,4.17,17.5,118.1,66.5,107.2,"Rain, Partially cloudy",1016.0,2019-02-04T06:32:39,2019-02-04T17:48:32
2019-02-05,23.6,83.0,0.5,20.83,14.8,109.1,52.1,152.3,"Rain, Partially cloudy",1014.3,2019-02-05T06:32:14,2019-02-05T17:49:07
2019-02-06,24.7,80.2,0.1,4.17,25.0,133.1,46.2,140.5,"Rain, Partially cloudy",1011.2,2019-02-06T06:31:49,2019-02-06T17:49:42
2019-02-07,25.1,79.1,0.0,0.0,21.4,120.2,40.2,197.6,Partially cloudy,1010.6,2019-02-07T06:31:23,2019-02-07T17:50:17
2019-02-08,25.3,77.6,0.1,4.17,21.2,119.2,48.9,196.2,"Rain, Partially cloudy",1009.8,2019-02-08T06:30:55,2019-02-08T17:50:51
2019-02-09,25.0,75.5,0.2,8.33,25.0,121.8,67.7,168.2,"Rain, Partially cloudy",1012.6,2019-02-09T06:30:26,2019-02-09T17:51:24
2019-02-10,25.1,78.8,1.4,41.67,21.4,131.8,72.9,102.2,"Rain, Partially cloudy",1016.8,2019-02-10T06:29:57,2019-02-10T17:51:57
2019-02-11,20.8,87.7,1.375,8.33,19.4,92.8,75.0,33.1,"Rain, Partially cloudy",1020.8,2019-02-11T06:29:26,2019-02-11T17:52:30
2019-02-12,19.3,94.5,0.394,8.33,16.6,99.6,79.9,60.4,"Rain, Partially cloudy",1021.2,2019-02-12T06:28:54,2019-02-12T17:53:02
2019-02-13,21.9,90.3,0.491,8.33,20.5,127.4,76.4,84.9,"Rain, Partially cloudy",1018.7,2019-02-13T06:28:21,2019-02-13T17:53:33
2019-02-14,23.0,83.5,0.2,8.33,20.5,119.3,65.1,126.0,"Rain, Partially cloudy",1016.8,2019-02-14T06:27:46,2019-02-14T17:54:04
2019-02-15,23.3,88.5,0.098,4.17,21.4,127.8,70.2,91.1,"Rain, Partially cloudy",1016.2,2019-02-15T06:27:11,2019-02-15T17:54:35
2019-02-16,23.4,94.6,0.1,4.17,17.5,124.2,70.5,111.4,"Rain, Partially cloudy",1014.1,2019-02-16T06:26:35,2019-02-16T17:55:05
2019-02-17,22.5,97.8,3.105,12.5,22.3,121.2,80.6,39.4,"Rain, Partially cloudy",1011.3,2019-02-17T06:25:58,2019-02-17T17:55:35
2019-02-18,23.3,84.0,14.738,8.33,19.4,89.6,51.9,195.4,"Rain, Partially cloudy",1009.6,2019-02-18T06:25:20,2019-02-18T17:56:04
2019-02-19,24.6,86.1,0.3,12.5,21.4,113.0,77.2,156.9,"Rain, Partially cloudy",1012.0,2019-02-19T06:24:41,2019-02-19T17:56:32
2019-02-20,25.7,82.7,0.5,12.5,25.0,124.3,69.9,188.7,"Rain, Partially cloudy",1013.8,2019-02-20T06:24:02,2019-02-20T17:57:01
2019-02-21,26.2,80.5,1.5,20.83,26.8,115.6,61.1,192.1,"Rain, Partially cloudy",1013.5,2019-02-21T06:23:21,2019-02-21T17:57:28
2019-02-22,18.4,78.1,2.063,8.33,23.2,59.4,88.0,39.4,"Rain, Partially cloudy",1015.0,2019-02-22T06:22:40,2019-02-22T17:57:55
2019-02-23,16.3,95.0,0.465,8.33,23.2,34.7,74.2,28.4,"Rain, Partially cloudy",1013.8,2019-02-23T06:21:57,2019-02-23T17:58:22
2019-02-24,15.8,70.5,0.107,8.33,16.6,44.3,79.8,55.3,"Rain, Partially cloudy",1016.6,2019-02-24T06:21:14,2019-02-24T17:58:48
2019-02-25,15.9,81.8,0.4,8.33,12.1,46.4,71.6,64.5,"Rain, Partially cloudy",1016.9,2019-02-25T06:20:31,2019-02-25T17:59:14
2019-02-26,17.1,92.7,0.198,8.33,11.2,49.5,75.4,77.2,"Rain, Partially cloudy",1015.3,2019-02-26T06:19:46,2019-02-26T17:59:40
2019-02-27,20.3,88.2,0.197,4.17,11.2,26.8,67.2,100.5,"Rain, Partially cloudy",1012.8,2019-02-27T06:19:01,2019-02-27T18:00:05
2019-02-28,23.0,91.0,0.3,12.5,17.6,126.2,65.8,104.5,"Rain, Partially cloudy",1012.1,2019-02-28T06:18:15,2019-02-28T18:00:29
2019-03-01,23.8,87.0,2.052,8.33,21.4,122.1,62.7,109.5,"Rain, Partially cloudy",1011.8,2019-03-01T06:17:28,2019-03-01T18:00:53
2019-03-02,24.7,86.7,0.491,4.17,22.3,112.9,69.5,135.8,"Rain, Partially cloudy",1008.9,2019-03-02T06:16:41,2019-03-02T18:01:17
2019-03-03,25.3,80.9,0.7,20.83,22.3,113.6,69.1,77.1,"Rain, Partially cloudy",1008.9,2019-03-03T06:15:53,2019-03-03T18:01:40
2019-03-04,22.6,85.2,0.378,8.33,17.6,127.6,84.1,64.5,"Rain, Partially cloudy",1008.4,2019-03-04T06:15:05,2019-03-04T18:02:03
2019-03-05,25.7,86.1,0.098,4.17,18.5,118.9,78.2,172.6,"Rain, Partially cloudy",1007.3,2019-03-05T06:14:16,2019-03-05T18:02:26
2019-03-06,22.9,76.5,2.7,50.0,25.9,49.6,82.1,61.3,"Rain, Partially cloudy",1011.1,2019-03-06T06:13:26,2019-03-06T18:02:48
2019-03-07,18.1,79.5,0.196,8.33,15.7,32.2,82.8,67.5,"Rain, Partially cloudy",1014.2,2019-03-07T06:12:36,2019-03-07T18:03:10
2019-03-08,17.4,89.1,0.206,12.5,13.0,39.6,73.8,58.1,"Rain, Partially cloudy",1013.5,2019-03-08T06:11:46,2019-03-08T18:03:32
2019-03-09,19.1,92.5,0.2,12.5,20.5,48.8,83.0,82.5,"Rain, Partially cloudy",1011.1,2019-03-09T06:10:55,2019-03-09T18:03:53
2019-03-10,19.6,66.8,0.012,4.17,16.6,21.2,85.1,72.7,"Rain, Partially cloudy",1014.0,2019-03-10T06:10:04,2019-03-10T18:04:14
2019-03-11,21.7,67.8,0.0,0.0,11.2,76.7,60.9,136.6,Partially cloudy,1014.7,2019-03-11T06:09:12,2019-03-11T18:04:35
2019-03-12,22.0,76.1,0.0,0.0,15.7,106.4,51.4,186.4,Partially cloudy,1014.3,2019-03-12T06:08:20,2019-03-12T18:04:55
2019-03-13,23.0,72.5,0.1,4.17,15.7,105.4,63.2,109.1,"Rain, Partially cloudy",1013.7,2019-03-13T06:07:27,2019-03-13T18:05:15
2019-03-14,24.8,72.7,3.7,41.67,16.6,69.3,76.0,82.2,"Rain, Partially cloudy",1015.8,2019-03-14T06:06:35,2019-03-14T18:05:35
2019-03-15,20.8,69.0,0.338,8.33,20.5,33.6,84.5,46.3,"Rain, Partially cloudy",1019.2,2019-03-15T06:05:42,2019-03-15T18:05:55
2019-03-16,17.6,96.6,0.306,8.33,13.9,52.3,73.8,55.6,"Rain, Partially cloudy",1018.6,2019-03-16T06:04:49,2019-03-16T18:06:14
2019-03-17,17.9,97.8,0.398,8.33,12.1,31.5,77.5,62.0,"Rain, Partially cloudy",1017.0,2019-03-17T06:03:55,2019-03-17T18:06:34
2019-03-18,18.3,98.2,2.952,12.5,11.2,28.6,74.8,46.7,"Rain, Partially cloudy",1015.3,2019-03-18T06:03:01,2019-03-18T18:06:53
2019-03-19,21.0,98.2,2.956,8.33,17.3,95.6,74.6,70.3,"Rain, Partially cloudy",1011.5,2019-03-19T06:02:07,2019-03-19T18:07:12
2019-03-20,24.0,94.7,0.1,4.17,17.6,116.7,78.2,149.1,"Rain, Partially cloudy",1009.6,2019-03-20T06:01:13,2019-03-20T18:07:30
2019-03-21,26.6,83.8,0.0,0.0,19.4,115.9,72.7,197.9,Partially cloudy,1007.9,2019-03-21T06:00:19,2019-03-21T18:07:49
2019-03-22,27.0,81.1,0.0,0.0,17.5,117.1,72.7,217.3,Partially cloudy,1008.3,2019-03-22T05:59:25,2019-03-22T18:08:08
2019-03-23,23.0,79.7,0.044,8.33,30.6,65.5,84.9,42.0,"Rain, Partially cloudy",1013.7,2019-03-23T05:58:31,2019-03-23T18:08:26
2019-03-24,17.8,70.0,0.098,4.17,17.5,48.5,82.6,57.3,"Rain, Partially cloudy",1016.9,2019-03-24T05:57:36,2019-03-24T18:08:44
2019-03-25,18.7,76.2,0.01,4.17,13.0,39.2,82.3,83.7,"Rain, Partially cloudy",1016.8,2019-03-25T05:56:42,2019-03-25T18:09:03
2019-03-26,20.0,91.0,0.1,4.17,12.1,53.5,85.1,113.6,"Rain, Partially cloudy",1016.3,2019-03-26T05:55:48,2019-03-26T18:09:21
2019-03-27,22.6,91.2,0.1,4.17,12.1,208.0,82.4,116.5,"Rain, Partially cloudy",1014.1,2019-03-27T05:54:53,2019-03-27T18:09:39
2019-03-28,24.7,86.0,0.2,8.33,13.9,133.1,79.1,119.4,"Rain, Partially cloudy",1010.1,2019-03-28T05:53:59,2019-03-28T18:09:57
2019-03-29,25.0,83.4,0.7,20.83,13.9,79.5,73.2,146.5,"Rain, Partially cloudy",1008.8,2019-03-29T05:53:05,2019-03-29T18:10:15
2019-03-30,26.4,77.8,1.1,20.83,20.5,129.8,72.5,115.8,"Rain, Partially cloudy",1009.9,2019-03-30T05:52:11,2019-03-30T18:10:33
2019-03-31,26.9,85.5,1.4,29.17,20.5,119.6,69.0,164.2,"Rain, Partially cloudy",1011.7,2019-03-31T05:51:16,2019-03-31T18:10:51
2019-04-01,22.9,89.1,14.773,8.33,16.6,75.1,75.9,46.6,"Rain, Partially cloudy",1015.7,2019-04-01T05:50:23,2019-04-01T18:11:10
2019-04-02,22.3,91.7,0.098,4.17,14.8,83.8,81.3,96.0,"Rain, Partially cloudy",1014.4,2019-04-02T05:49:29,2019-04-02T18:11:28
2019-04-03,23.9,95.7,0.493,8.33,15.7,299.8,78.0,158.3,"Rain, Partially cloudy",1014.0,2019-04-03T05:48:35,2019-04-03T18:11:46
2019-04-04,23.8,86.0,36.059,8.33,13.9,88.5,75.8,128.0,"Rain, Partially cloudy",1013.8,2019-04-04T05:47:42,2019-04-04T18:12:04
2019-04-05,24.0,80.4,3.2,37.5,18.4,80.2,83.2,56.0,"Rain, Partially cloudy",1014.3,2019-04-05T05:46:49,2019-04-05T18:12:22
2019-04-06,24.0,95.9,0.098,4.17,13.8,94.8,77.0,165.0,"Rain, Partially cloudy",1012.1,2019-04-06T05:45:57,2019-04-06T18:12:41
2019-04-07,27.0,82.3,0.5,20.83,18.4,126.3,70.6,181.8,"Rain, Partially cloudy",1010.7,2019-04-07T05:45:04,2019-04-07T18:12:59
2019-04-08,27.5,85.2,0.0,0.0,21.4,123.7,64.9,194.4,Partially cloudy,1008.2,2019-04-08T05:44:12,2019-04-08T18:13:18
2019-04-09,28.3,81.9,0.0,0.0,17.5,116.7,62.9,227.6,Partially cloudy,1007.7,2019-04-09T05:43:20,2019-04-09T18:13:37
2019-04-10,27.8,87.9,0.196,8.33,18.4,109.3,72.3,221.6,"Rain, Partially cloudy",1007.9,2019-04-10T05:42:29,2019-04-10T18:13:55
2019-04-11,27.9,88.1,3.046,8.33,16.6,102.6,71.1,212.1,"Rain, Partially cloudy",1006.6,2019-04-11T05:41:38,2019-04-11T18:14:14
2019-04-12,27.4,82.3,0.009,4.17,20.5,109.5,82.7,102.1,"Rain, Partially cloudy",1007.9,2019-04-12T05:40:47,2019-04-12T18:14:33
2019-04-13,28.0,80.2,0.2,8.33,21.4,125.0,81.7,180.0,"Rain, Partially cloudy",1008.9,2019-04-13T05:39:57,2019-04-13T18:14:53
2019-04-14,27.8,85.1,3.243,8.33,18.4,108.8,74.4,183.0,"Rain, Partially cloudy",1010.0,2019-04-14T05:39:08,2019-04-14T18:15:12
2019-04-15,23.9,94.9,6.385,8.33,20.3,60.7,77.8,43.8,"Rain, Partially cloudy",1011.0,2019-04-15T05:38:18,2019-04-15T18:15:32
2019-04-16,23.2,91.4,2.965,8.33,16.6,42.9,79.8,60.2,"Rain, Partially cloudy",1011.5,2019-04-16T05:37:30,2019-04-16T18:15:52
2019-04-17,24.1,86.3,0.396,8.33,19.4,97.4,87.1,86.7,"Rain, Partially cloudy",1009.6,2019-04-17T05:36:42,2019-04-17T18:16:12
2019-04-18,27.9,88.2,0.101,8.33,19.4,119.5,65.0,228.5,"Rain, Partially cloudy",1003.8,2019-04-18T05:35:54,2019-04-18T18:16:32
2019-04-19,29.9,81.0,0.0,0.0,16.6,93.7,46.9,284.7,Partially cloudy,1001.2,2019-04-19T05:35:07,2019-04-19T18:16:52
2019-04-20,30.4,81.4,0.0,0.0,17.5,93.2,21.5,301.6,Partially cloudy,1000.4,2019-04-20T05:34:21,2019-04-20T18:17:13
2019-04-21,29.2,84.8,0.116,4.17,17.6,102.9,52.2,281.1,"Rain, Partially cloudy",1003.0,2019-04-21T05:33:35,2019-04-21T18:17:33
2019-04-22,29.4,69.8,0.017,4.17,25.0,110.4,42.0,239.4,"Rain, Partially cloudy",1004.5,2019-04-22T05:32:50,2019-04-22T18:17:54
2019-04-23,29.0,81.7,0.1,4.17,18.5,122.6,71.8,190.8,"Rain, Partially cloudy",1007.2,2019-04-23T05:32:05,2019-04-23T18:18:15
2019-04-24,29.7,77.5,0.0,0.0,24.1,105.9,51.9,273.0,Partially cloudy,1006.7,2019-04-24T05:31:22,2019-04-24T18:18:37
2019-04-25,28.9,82.0,0.0,0.0,20.5,111.1,63.0,241.3,Partially cloudy,1006.5,2019-04-25T05:30:39,2019-04-25T18:18:58
2019-04-26,29.1,81.3,1.3,20.83,24.1,113.5,62.7,163.5,"Rain, Partially cloudy",1007.0,2019-04-26T05:29:56,2019-04-26T18:19:20
2019-04-27,28.7,71.9,0.47,8.33,25.9,143.4,62.9,173.5,"Rain, Partially cloudy",1007.6,2019-04-27T05:29:15,2019-04-27T18:19:42
2019-04-28,27.9,82.5,3.948,4.17,31.5,122.0,60.4,196.1,"Rain, Partially cloudy",1008.1,2019-04-28T05:28:34,2019-04-28T18:20:05
2019-04-29,28.3,84.2,0.0,0.0,20.5,113.6,57.1,246.4,Partially cloudy,1007.0,2019-04-29T05:27:54,2019-04-29T18:20:27
2019-04-30,24.6,96.1,87.724,8.33,16.7,77.3,69.8,178.7,"Rain, Partially cloudy",1007.2,2019-04-30T05:27:15,2019-04-30T18:20:50
2019-05-01,24.0,83.6,20.275,8.33,13.3,32.6,59.3,172.8,"Rain, Partially cloudy",1010.0,2019-05-01T05:26:36,2019-05-01T18:21:13
2019-05-02,24.7,83.0,3.36,12.5,10.3,82.5,76.2,85.5,"Rain, Partially cloudy",1010.4,2019-05-02T05:25:59,2019-05-02T18:21:36
2019-05-03,23.7,89.4,4.965,8.33,10.3,43.5,80.5,52.3,"Rain, Partially cloudy",1011.8,2019-05-03T05:25:22,2019-05-03T18:21:59
2019-05-04,23.6,96.4,1.295,8.33,11.2,42.6,81.2,99.0,"Rain, Partially cloudy",1009.2,2019-05-04T05:24:46,2019-05-04T18:22:23
2019-05-05,26.4,94.7,0.59,4.17,14.3,61.9,79.6,152.0,"Rain, Partially cloudy",1005.0,2019-05-05T05:24:11,2019-05-05T18:22:47
2019-05-06,27.7,89.8,6.6,37.5,14.8,70.0,80.0,117.6,"Rain, Partially cloudy",1004.3,2019-05-06T05:23:37,2019-05-06T18:23:11
2019-05-07,25.1,96.5,0.792,8.33,13.0,80.7,73.1,60.9,"Rain, Partially cloudy",1005.2,2019-05-07T05:23:04,2019-05-07T18:23:35
2019-05-08,24.4,88.4,2.956,8.33,15.7,40.7,79.7,54.8,"Rain, Partially cloudy",1005.9,2019-05-08T05:22:32,2019-05-08T18:23:59
2019-05-09,22.8,79.0,0.395,8.33,15.7,34.8,78.1,54.4,"Rain, Partially cloudy",1007.9,2019-05-09T05:22:01,2019-05-09T18:24:24
2019-05-10,23.5,79.6,0.017,4.17,9.4,7.8,86.6,117.7,"Rain, Partially cloudy",1010.0,2019-05-10T05:21:30,2019-05-10T18:24:49
2019-05-11,24.6,91.9,0.295,8.33,10.3,332.5,78.0,132.1,"Rain, Partially cloudy",1010.0,2019-05-11T05:21:01,2019-05-11T18:25:13
2019-05-12,28.1,84.9,1.0,29.17,18.4,117.7,73.1,211.0,"Rain, Partially cloudy",1008.0,2019-05-12T05:20:33,2019-05-12T18:25:38
2019-05-13,28.5,85.9,1.2,8.33,21.4,117.0,67.0,219.7,"Rain, Partially cloudy",1007.2,2019-05-13T05:20:06,2019-05-13T18:26:03
2019-05-14,28.6,87.4,1.965,4.17,21.4,120.6,71.2,206.1,"Rain, Partially cloudy",1006.1,2019-05-14T05:19:40,2019-05-14T18:26:29
2019-05-15,30.2,78.2,0.983,4.17,20.3,124.5,64.1,209.4,"Rain, Partially cloudy",1005.1,2019-05-15T05:19:14,2019-05-15T18:26:54
2019-05-16,31.3,76.2,0.0,0.0,21.4,111.3,52.1,263.3,Partially cloudy,1003.1,2019-05-16T05:18:50,2019-05-16T18:27:19
2019-05-17,32.4,71.5,0.0,0.0,18.4,107.8,10.2,309.5,Clear,1000.7,2019-05-17T05:18:27,2019-05-17T18:27:45
2019-05-18,33.2,67.3,0.0,0.0,16.6,104.9,6.7,308.8,Clear,999.3,2019-05-18T05:18:05,2019-05-18T18:28:10
2019-05-19,33.2,66.3,0.0,0.0,17.6,90.6,2.7,313.5,Clear,1001.0,2019-05-19T05:17:44,2019-05-19T18:28:36
2019-05-20,31.2,71.6,2.0,20.83,17.8,57.2,48.4,195.9,"Rain, Partially cloudy",1005.1,2019-05-20T05:17:24,2019-05-20T18:29:02
2019-05-21,26.9,77.3,6.664,8.33,18.4,64.5,63.7,109.1,"Rain, Partially cloudy",1008.6,2019-05-21T05:17:05,2019-05-21T18:29:27
2019-05-22,26.5,71.7,0.988,4.17,15.7,24.6,77.8,153.3,"Rain, Partially cloudy",1009.7,2019-05-22T05:16:47,2019-05-22T18:29:53
2019-05-23,28.3,70.2,0.5,8.33,17.0,110.1,73.3,188.2,"Rain, Partially cloudy",1008.5,2019-05-23T05:16:31,2019-05-23T18:30:18
2019-05-24,28.7,79.0,2.9,29.17,20.5,119.3,58.6,223.5,"Rain, Partially cloudy",1006.2,2019-05-24T05:16:15,2019-05-24T18:30:44
2019-05-25,30.2,77.8,1.965,4.17,25.0,123.8,59.9,260.8,"Rain, Partially cloudy",1002.6,2019-05-25T05:16:01,2019-05-25T18:31:09
2019-05-26,31.1,77.6,0.012,4.17,18.5,105.3,53.9,273.6,"Rain, Partially cloudy",1001.8,2019-05-26T05:15:47,2019-05-26T18:31:34
2019-05-27,28.2,87.9,0.393,8.33,13.9,67.8,65.6,123.1,"Rain, Partially cloudy",1003.6,2019-05-27T05:15:35,2019-05-27T18:32:00
2019-05-28,28.2,83.4,0.035,4.17,22.3,90.8,75.7,103.2,"Rain, Partially cloudy",1005.4,2019-05-28T05:15:24,2019-05-28T18:32:25
2019-05-29,26.6,84.0,2.367,8.33,11.5,44.8,67.2,63.2,"Rain, Partially cloudy",1006.9,2019-05-29T05:15:14,2019-05-29T18:32:49
2019-05-30,27.1,85.9,6.0,12.5,13.0,66.3,74.7,131.7,"Rain, Partially cloudy",1006.8,2019-05-30T05:15:04,2019-05-30T18:33:14
2019-05-31,25.9,91.3,25.522,12.5,16.6,50.2,72.8,109.7,"Rain, Partially cloudy",1007.0,2019-05-31T05:14:56,2019-05-31T18:33:39
2019-06-01,24.2,90.6,39.878,16.67,13.0,354.0,76.7,53.5,"Rain, Partially cloudy",1007.2,2019-06-01T05:14:50,2019-06-01T18:34:03
2019-06-02,26.8,79.4,0.511,4.17,10.3,320.4,48.7,251.0,"Rain, Partially cloudy",1006.9,2019-06-02T05:14:44,2019-06-02T18:34:27
2019-06-03,28.7,80.0,0.1,4.17,14.8,81.4,49.6,229.7,"Rain, Partially cloudy",1005.7,2019-06-03T05:14:39,2019-06-03T18:34:50
2019-06-04,30.0,80.6,1.081,4.17,17.6,96.8,47.8,264.6,"Rain, Partially cloudy",1005.0,2019-06-04T05:14:35,2019-06-04T18:35:13
2019-06-05,29.5,83.0,2.068,8.33,27.7,123.8,45.4,246.8,"Rain, Partially cloudy",1004.7,2019-06-05T05:14:33,2019-06-05T18:35:36
2019-06-06,29.3,87.2,14.836,8.33,21.2,109.4,53.2,246.4,"Rain, Partially cloudy",1006.3,2019-06-06T05:14:31,2019-06-06T18:35:59
2019-06-07,30.2,85.0,0.393,4.17,20.5,113.5,63.7,192.2,"Rain, Partially cloudy",1007.1,2019-06-07T05:14:30,2019-06-07T18:36:21
2019-06-08,30.8,80.0,0.983,4.17,19.4,125.5,58.8,257.6,"Rain, Partially cloudy",1005.1,2019-06-08T05:14:31,2019-06-08T18:36:43
2019-06-09,32.6,72.8,0.0,0.0,21.4,131.4,50.7,283.5,Partially cloudy,1001.1,2019-06-09T05:14:32,2019-06-09T18:37:04
2019-06-10,32.5,74.6,0.0,0.0,19.4,83.3,56.4,260.5,Partially cloudy,999.8,2019-06-10T05:14:34,2019-06-10T18:37:25
2019-06-11,31.3,75.7,0.9,8.33,16.7,64.8,69.7,204.0,"Rain, Partially cloudy",1001.1,2019-06-11T05:14:38,2019-06-11T18:37:45
2019-06-12,33.1,72.5,0.0,0.0,19.4,96.0,41.5,252.6,Partially cloudy,1000.9,2019-06-12T05:14:42,2019-06-12T18:38:05
2019-06-13,30.5,75.0,0.1,4.17,16.6,53.8,77.1,210.9,"Rain, Partially cloudy",1001.7,2019-06-13T05:14:47,2019-06-13T18:38:24
2019-06-14,30.2,76.0,0.21,4.17,14.8,78.8,81.3,149.8,"Rain, Partially cloudy",1001.8,2019-06-14T05:14:54,2019-06-14T18:38:42
2019-06-15,32.0,76.7,0.017,4.17,20.3,81.6,71.9,161.0,"Rain, Partially cloudy",1000.9,2019-06-15T05:15:01,2019-06-15T18:39:00
2019-06-16,31.9,75.2,0.2,8.33,20.3,88.1,55.9,254.9,"Rain, Partially cloudy",1000.5,2019-06-16T05:15:09,2019-06-16T18:39:17
2019-06-17,30.2,79.4,19.9,37.5,23.2,86.8,66.2,179.7,"Rain, Partially cloudy",1002.5,2019-06-17T05:15:17,2019-06-17T18:39:34
2019-06-18,27.4,92.1,18.411,12.5,11.2,79.5,69.3,148.0,"Rain, Partially cloudy",1004.6,2019-06-18T05:15:27,2019-06-18T18:39:50
2019-06-19,30.4,81.0,5.895,4.17,20.3,105.1,68.5,205.6,"Rain, Partially cloudy",1004.3,2019-06-19T05:15:38,2019-06-19T18:40:05
2019-06-20,31.8,76.9,0.0,0.0,15.7,119.8,60.3,260.2,Partially cloudy,1003.3,2019-06-20T05:15:49,2019-06-20T18:40:19
2019-06-21,33.2,68.6,0.0,0.0,21.4,126.6,17.9,316.0,Clear,1001.7,2019-06-21T05:16:01,2019-06-21T18:40:33
2019-06-22,33.5,69.5,0.0,0.0,28.6,113.0,52.4,318.3,Partially cloudy,1000.3,2019-06-22T05:16:14,2019-06-22T18:40:46
2019-06-23,32.4,73.0,6.8,12.5,17.5,87.8,67.9,239.7,"Rain, Partially cloudy",1001.4,2019-06-23T05:16:27,2019-06-23T18:40:58
2019-06-24,27.1,90.8,0.688,4.17,19.4,53.6,72.3,83.5,"Rain, Partially cloudy",1004.2,2019-06-24T05:16:42,2019-06-24T18:41:09
2019-06-25,29.6,79.1,2.1,29.17,17.6,87.7,67.5,190.9,"Rain, Partially cloudy",1004.0,2019-06-25T05:16:57,2019-06-25T18:41:19
2019-06-26,31.6,69.9,1.965,4.17,13.9,101.1,76.0,256.1,"Rain, Partially cloudy",1000.6,2019-06-26T05:17:12,2019-06-26T18:41:28
2019-06-27,32.5,68.4,0.42,4.17,14.8,101.3,84.1,271.2,"Rain, Partially cloudy",996.8,2019-06-27T05:17:29,2019-06-27T18:41:37
2019-06-28,33.7,65.4,0.0,0.0,20.5,74.7,66.8,288.6,Partially cloudy,996.4,2019-06-28T05:17:46,2019-06-28T18:41:44
2019-06-29,33.8,66.3,0.5,4.17,20.5,65.5,81.0,285.5,"Rain, Partially cloudy",997.7,2019-06-29T05:18:03,2019-06-29T18:41:51
2019-06-30,28.9,82.7,34.563,8.33,14.4,311.3,69.7,228.1,"Rain, Partially cloudy",1001.4,2019-06-30T05:18:21,2019-06-30T18:41:56
2019-07-01,29.4,82.2,0.02,8.33,20.3,312.9,74.2,174.9,"Rain, Partially cloudy",1001.6,2019-07-01T05:18:40,2019-07-01T18:42:01
2019-07-02,29.8,82.5,0.613,8.33,20.5,314.5,55.5,205.6,"Rain, Partially cloudy",1001.1,2019-07-02T05:18:59,2019-07-02T18:42:05
2019-07-03,31.0,74.8,4.726,12.5,20.5,342.7,62.4,164.5,"Rain, Partially cloudy",997.6,2019-07-03T05:19:18,2019-07-03T18:42:07
2019-07-04,27.2,94.9,24.669,20.83,29.7,34.4,77.0,47.8,"Rain, Partially cloudy",998.0,2019-07-04T05:19:38,2019-07-04T18:42:09
2019-07-05,30.8,78.6,1.0,12.5,17.5,115.8,65.7,268.0,"Rain, Partially cloudy",1001.0,2019-07-05T05:19:59,2019-07-05T18:42:09
2019-07-06,32.5,70.3,0.1,4.17,12.1,188.5,67.0,260.7,"Rain, Partially cloudy",999.8,2019-07-06T05:20:19,2019-07-06T18:42:09
2019-07-07,32.7,66.2,0.0,0.0,15.7,152.3,75.1,180.7,Partially cloudy,999.7,2019-07-07T05:20:41,2019-07-07T18:42:07
2019-07-08,33.5,65.6,0.0,0.0,16.6,141.4,71.0,288.7,Partially cloudy,999.9,2019-07-08T05:21:02,2019-07-08T18:42:05
2019-07-09,31.6,66.8,1.376,4.17,18.5,44.0,80.1,174.4,"Rain, Partially cloudy",1000.3,2019-07-09T05:21:24,2019-07-09T18:42:01
2019-07-10,28.1,79.3,0.196,8.33,12.1,42.3,73.5,150.0,"Rain, Partially cloudy",1003.1,2019-07-10T05:21:46,2019-07-10T18:41:56
2019-07-11,30.1,78.1,0.14,4.17,13.0,88.2,57.4,118.5,"Rain, Partially cloudy",1004.0,2019-07-11T05:22:08,2019-07-11T18:41:50
2019-07-12,32.5,66.9,0.3,12.5,12.1,160.3,87.5,220.4,"Rain, Partially cloudy",1002.7,2019-07-12T05:22:31,2019-07-12T18:41:43
2019-07-13,32.9,64.0,0.0,0.0,12.1,147.8,90.3,195.5,Overcast,1000.8,2019-07-13T05:22:54,2019-07-13T18:41:35
2019-07-14,30.1,84.3,0.1,4.17,10.3,40.6,55.8,133.4,"Rain, Partially cloudy",1000.6,2019-07-14T05:23:17,2019-07-14T18:41:26
2019-07-15,29.5,82.1,8.843,4.17,17.6,90.7,67.3,165.2,"Rain, Partially cloudy",1001.1,2019-07-15T05:23:40,2019-07-15T18:41:15
2019-07-16,29.9,80.6,2.5,37.5,16.6,99.0,53.0,198.4,"Rain, Partially cloudy",1002.6,2019-07-16T05:24:03,2019-07-16T18:41:04
2019-07-17,32.0,75.5,0.14,4.17,17.5,114.8,46.6,269.8,"Rain, Partially cloudy",1001.7,2019-07-17T05:24:27,2019-07-17T18:40:51
2019-07-18,31.9,79.0,0.0,0.0,15.7,90.4,55.0,220.7,Partially cloudy,1000.0,2019-07-18T05:24:50,2019-07-18T18:40:37
2019-07-19,33.1,75.6,0.3,8.33,20.3,77.4,55.0,282.3,"Rain, Partially cloudy",999.3,2019-07-19T05:25:14,2019-07-19T18:40:22
2019-07-20,31.5,67.7,0.002,4.17,15.7,218.0,59.0,238.3,"Rain, Partially cloudy",1002.6,2019-07-20T05:25:37,2019-07-20T18:40:06
2019-07-21,30.1,78.8,5.896,8.33,18.4,108.6,46.7,243.2,"Rain, Partially cloudy",1003.3,2019-07-21T05:26:01,2019-07-21T18:39:49
2019-07-22,30.3,78.3,0.0,0.0,19.4,95.8,48.0,216.7,Partially cloudy,1001.9,2019-07-22T05:26:24,2019-07-22T18:39:31
2019-07-23,29.8,78.4,4.3,37.5,13.6,82.9,56.7,154.8,"Rain, Partially cloudy",1000.9,2019-07-23T05:26:48,2019-07-23T18:39:12
2019-07-24,29.2,80.4,1.6,25.0,13.0,56.9,67.2,175.9,"Rain, Partially cloudy",1002.1,2019-07-24T05:27:11,2019-07-24T18:38:51
2019-07-25,28.1,90.7,19.948,8.33,16.6,75.8,62.6,110.7,"Rain, Partially cloudy",1004.9,2019-07-25T05:27:35,2019-07-25T18:38:29
2019-07-26,30.0,81.2,0.002,4.17,14.8,108.7,50.9,198.4,"Rain, Partially cloudy",1004.4,2019-07-26T05:27:58,2019-07-26T18:38:07
2019-07-27,31.0,76.0,0.0,0.0,17.5,114.5,55.7,260.7,Partially cloudy,1003.6,2019-07-27T05:28:22,2019-07-27T18:37:43
2019-07-28,30.8,76.7,6.913,4.17,17.6,101.9,62.6,226.0,"Rain, Partially cloudy",1003.8,2019-07-28T05:28:45,2019-07-28T18:37:18
2019-07-29,30.7,77.3,41.273,4.17,19.4,110.9,52.9,196.0,"Rain, Partially cloudy",1003.7,2019-07-29T05:29:08,2019-07-29T18:36:52
2019-07-30,28.8,78.8,18.703,12.5,18.5,79.4,66.3,163.8,"Rain, Partially cloudy",1003.3,2019-07-30T05:29:31,2019-07-30T18:36:25
2019-07-31,29.8,73.5,0.035,4.17,14.8,312.8,53.2,216.9,"Rain, Partially cloudy",1002.3,2019-07-31T05:29:54,2019-07-31T18:35:57
2019-08-01,27.2,90.9,34.627,16.67,18.4,319.3,68.0,57.0,"Rain, Partially cloudy",999.9,2019-08-01T05:30:16,2019-08-01T18:35:28
2019-08-02,27.2,94.3,5.354,16.67,22.3,290.7,62.1,104.7,"Rain, Partially cloudy",997.5,2019-08-02T05:30:39,2019-08-02T18:34:58
2019-08-03,26.1,97.7,131.158,20.83,32.6,329.3,70.4,23.8,"Rain, Partially cloudy",995.5,2019-08-03T05:31:01,2019-08-03T18:34:26
2019-08-04,27.3,92.4,75.899,16.67,20.5,53.3,65.7,98.2,"Rain, Partially cloudy",1000.2,2019-08-04T05:31:23,2019-08-04T18:33:54
2019-08-05,27.9,87.8,4.118,12.5,13.5,44.3,65.8,82.5,"Rain, Partially cloudy",1002.9,2019-08-05T05:31:45,2019-08-05T18:33:21
2019-08-06,30.2,77.7,2.5,33.33,13.0,56.8,50.5,259.3,"Rain, Partially cloudy",1003.1,2019-08-06T05:32:06,2019-08-06T18:32:47
2019-08-07,31.6,76.1,0.2,8.33,13.0,51.5,28.3,278.4,"Rain, Partially cloudy",1000.5,2019-08-07T05:32:28,2019-08-07T18:32:12
2019-08-08,30.3,81.0,7.895,8.33,16.7,25.2,60.0,241.8,"Rain, Partially cloudy",999.4,2019-08-08T05:32:49,2019-08-08T18:31:36
2019-08-09,29.7,78.2,45.196,8.33,22.1,290.5,64.4,235.0,"Rain, Partially cloudy",999.9,2019-08-09T05:33:10,2019-08-09T18:30:59
2019-08-10,31.4,74.3,0.385,4.17,16.6,87.3,35.4,254.9,"Rain, Partially cloudy",999.8,2019-08-10T05:33:31,2019-08-10T18:30:21
2019-08-11,32.1,76.2,3.4,16.67,13.9,103.0,36.5,254.3,"Rain, Partially cloudy",1000.2,2019-08-11T05:33:51,2019-08-11T18:29:42
2019-08-12,32.2,74.8,0.0,0.0,13.7,128.4,48.8,241.1,Partially cloudy,1000.5,2019-08-12T05:34:11,2019-08-12T18:29:02
2019-08-13,32.9,66.9,0.0,0.0,12.1,273.4,59.0,282.5,Partially cloudy,1000.0,2019-08-13T05:34:31,2019-08-13T18:28:22
2019-08-14,32.6,69.4,0.0,0.0,14.8,357.4,34.1,297.5,Partially cloudy,1001.1,2019-08-14T05:34:51,2019-08-14T18:27:40
2019-08-15,31.6,69.8,0.017,4.17,23.9,100.7,45.5,276.3,"Rain, Partially cloudy",1001.3,2019-08-15T05:35:10,2019-08-15T18:26:58
2019-08-16,28.6,79.9,0.213,8.33,16.6,28.9,58.8,205.4,"Rain, Partially cloudy",1001.7,2019-08-16T05:35:29,2019-08-16T18:26:15
2019-08-17,28.4,84.1,0.002,4.17,17.6,29.4,64.2,130.0,"Rain, Partially cloudy",1003.2,2019-08-17T05:35:48,2019-08-17T18:25:31
2019-08-18,30.5,77.8,4.5,41.67,12.6,5.7,68.5,198.6,"Rain, Partially cloudy",1002.8,2019-08-18T05:36:07,2019-08-18T18:24:47
2019-08-19,29.8,82.4,15.825,4.17,16.6,76.7,52.0,190.1,"Rain, Partially cloudy",1002.3,2019-08-19T05:36:25,2019-08-19T18:24:01
2019-08-20,27.9,84.9,16.929,12.5,22.1,355.4,47.6,157.4,"Rain, Partially cloudy",1003.2,2019-08-20T05:36:44,2019-08-20T18:23:15
2019-08-21,27.6,89.6,8.402,12.5,8.7,264.5,50.9,111.8,"Rain, Partially cloudy",1004.6,2019-08-21T05:37:01,2019-08-21T18:22:29
2019-08-22,27.7,87.6,52.196,8.33,13.0,76.1,62.3,115.3,"Rain, Partially cloudy",1005.7,2019-08-22T05:37:19,2019-08-22T18:21:41
2019-08-23,27.1,86.0,2.297,8.33,19.4,333.4,56.9,170.8,"Rain, Partially cloudy",1007.4,2019-08-23T05:37:37,2019-08-23T18:20:53
2019-08-24,27.7,85.1,6.887,8.33,17.1,291.8,27.9,251.1,"Rain, Partially cloudy",1005.7,2019-08-24T05:37:54,2019-08-24T18:20:04
2019-08-25,30.2,76.0,0.0,0.0,10.1,287.4,44.9,275.8,Partially cloudy,1003.4,2019-08-25T05:38:11,2019-08-25T18:19:15
2019-08-26,29.6,85.9,0.1,4.17,14.8,95.4,48.3,188.3,"Rain, Partially cloudy",1002.7,2019-08-26T05:38:27,2019-08-26T18:18:25
2019-08-27,28.7,80.8,0.245,4.17,15.8,53.0,61.3,178.5,"Rain, Partially cloudy",1004.7,2019-08-27T05:38:44,2019-08-27T18:17:35
2019-08-28,29.2,81.1,1.081,8.33,13.9,13.1,51.7,154.4,"Rain, Partially cloudy",1006.8,2019-08-28T05:39:00,2019-08-28T18:16:44
2019-08-29,30.7,76.5,0.647,4.17,16.6,337.2,39.6,261.2,"Rain, Partially cloudy",1002.8,2019-08-29T05:39:16,2019-08-29T18:15:52
2019-08-30,27.7,84.2,33.118,16.67,23.9,57.3,75.3,112.0,"Rain, Partially cloudy",1003.4,2019-08-30T05:39:32,2019-08-30T18:15:00
2019-08-31,26.8,88.4,35.51,12.5,15.7,46.0,70.7,73.6,"Rain, Partially cloudy",1005.6,2019-08-31T05:39:48,2019-08-31T18:14:08
2019-09-01,27.0,85.2,26.315,16.67,18.4,353.4,70.0,60.9,"Rain, Partially cloudy",1006.9,2019-09-01T05:40:04,2019-09-01T18:13:15
2019-09-02,28.7,74.3,0.135,8.33,18.5,358.1,59.6,227.2,"Rain, Partially cloudy",1006.1,2019-09-02T05:40:19,2019-09-02T18:12:21
2019-09-03,29.5,69.6,0.43,12.5,19.4,349.5,71.7,186.1,"Rain, Partially cloudy",1005.2,2019-09-03T05:40:34,2019-09-03T18:11:27
2019-09-04,29.5,73.1,0.121,8.33,11.2,321.0,81.5,106.2,"Rain, Partially cloudy",1003.3,2019-09-04T05:40:49,2019-09-04T18:10:33
2019-09-05,30.7,72.3,2.7,12.5,13.9,315.0,46.8,244.9,"Rain, Partially cloudy",1002.8,2019-09-05T05:41:04,2019-09-05T18:09:39
2019-09-06,31.1,70.9,0.1,4.17,13.0,114.8,21.8,268.8,"Rain, Partially cloudy",1002.6,2019-09-06T05:41:19,2019-09-06T18:08:44
2019-09-07,31.4,71.4,0.0,0.0,17.6,117.0,36.5,247.9,Partially cloudy,1003.3,2019-09-07T05:41:34,2019-09-07T18:07:48
2019-09-08,30.9,78.1,0.983,4.17,20.5,112.9,51.7,190.8,"Rain, Partially cloudy",1002.6,2019-09-08T05:41:48,2019-09-08T18:06:53
2019-09-09,29.6,83.0,0.098,4.17,14.8,87.3,60.6,157.8,"Rain, Partially cloudy",1001.8,2019-09-09T05:42:03,2019-09-09T18:05:57
2019-09-10,26.4,90.7,6.333,16.67,17.5,58.9,72.9,98.4,"Rain, Partially cloudy",1005.3,2019-09-10T05:42:17,2019-09-10T18:05:01
2019-09-11,26.9,88.4,7.968,16.67,17.5,55.0,65.7,154.1,"Rain, Partially cloudy",1010.2,2019-09-11T05:42:32,2019-09-11T18:04:05
2019-09-12,29.1,80.3,9.842,12.5,13.0,95.6,36.1,220.9,"Rain, Partially cloudy",1010.1,2019-09-12T05:42:46,2019-09-12T18:03:08
2019-09-13,29.6,75.3,0.0,0.0,12.1,106.7,22.6,260.9,Partially cloudy,1008.5,2019-09-13T05:43:00,2019-09-13T18:02:12
2019-09-14,30.1,71.0,0.0,0.0,9.6,1.6,15.7,257.3,Clear,1008.4,2019-09-14T05:43:15,2019-09-14T18:01:15
2019-09-15,30.1,73.1,0.0,0.0,13.0,40.1,16.2,273.2,Clear,1007.8,2019-09-15T05:43:29,2019-09-15T18:00:18
2019-09-16,29.8,74.9,2.948,4.17,14.8,91.9,35.6,241.2,"Rain, Partially cloudy",1007.5,2019-09-16T05:43:43,2019-09-16T17:59:21
2019-09-17,29.8,75.5,0.7,16.67,14.8,40.0,18.2,232.8,Rain,1008.8,2019-09-17T05:43:58,2019-09-17T17:58:24
2019-09-18,28.1,82.1,0.262,4.17,13.0,342.0,49.1,126.4,"Rain, Partially cloudy",1011.3,2019-09-18T05:44:12,2019-09-18T17:57:27
2019-09-19,26.1,90.6,69.777,8.33,9.7,310.6,50.9,174.4,"Rain, Partially cloudy",1012.5,2019-09-19T05:44:26,2019-09-19T17:56:30
2019-09-20,28.1,79.5,0.197,4.17,11.0,310.6,37.7,216.6,"Rain, Partially cloudy",1010.9,2019-09-20T05:44:41,2019-09-20T17:55:33
2019-09-21,28.5,63.3,0.0,0.0,17.2,347.1,25.3,252.1,Partially cloudy,1012.2,2019-09-21T05:44:55,2019-09-21T17:54:35
2019-09-22,28.0,53.3,0.0,0.0,16.6,0.1,20.3,267.4,Partially cloudy,1015.1,2019-09-22T05:45:10,2019-09-22T17:53:38
2019-09-23,26.7,61.7,0.0,0.0,16.6,16.3,8.0,272.7,Clear,1017.3,2019-09-23T05:45:24,2019-09-23T17:52:41
2019-09-24,26.7,63.2,0.0,0.0,9.4,347.4,6.9,271.2,Clear,1017.9,2019-09-24T05:45:39,2019-09-24T17:51:44
2019-09-25,27.1,65.7,0.0,0.0,15.6,342.3,3.2,269.3,Clear,1017.8,2019-09-25T05:45:54,2019-09-25T17:50:48
2019-09-26,27.1,67.3,0.0,0.0,13.0,304.5,33.0,231.4,Partially cloudy,1017.4,2019-09-26T05:46:09,2019-09-26T17:49:51
2019-09-27,27.5,64.5,0.0,0.0,10.3,317.3,19.1,255.8,Clear,1017.1,2019-09-27T05:46:24,2019-09-27T17:48:55
2019-09-28,27.3,65.8,0.0,0.0,10.3,318.6,10.7,255.9,Clear,1015.7,2019-09-28T05:46:40,2019-09-28T17:47:58
2019-09-29,27.6,65.3,0.0,0.0,13.9,298.9,0.2,272.1,Clear,1014.0,2019-09-29T05:46:56,2019-09-29T17:47:02
2019-09-30,28.1,65.9,0.0,0.0,14.8,132.3,2.6,271.3,Clear,1010.5,2019-09-30T05:47:11,2019-09-30T17:46:07
2019-10-01,28.3,67.4,0.0,0.0,16.7,101.1,1.1,263.8,Clear,1009.8,2019-10-01T05:47:27,2019-10-01T17:45:11
2019-10-02,28.2,77.3,1.3,16.67,16.6,98.5,46.0,188.0,"Rain, Partially cloudy",1010.2,2019-10-02T05:47:44,2019-10-02T17:44:16
2019-10-03,25.7,87.1,9.832,8.33,13.9,91.4,63.5,88.6,"Rain, Partially cloudy",1010.8,2019-10-03T05:48:00,2019-10-03T17:43:21
2019-10-04,25.6,88.9,37.14,12.5,14.8,86.7,58.9,82.4,"Rain, Partially cloudy",1010.7,2019-10-04T05:48:17,2019-10-04T17:42:27
2019-10-05,27.2,78.4,0.336,4.17,15.7,124.0,33.7,172.0,"Rain, Partially cloudy",1011.9,2019-10-05T05:48:34,2019-10-05T17:41:33
2019-10-06,28.3,73.1,0.8,20.83,12.1,82.2,30.4,211.4,"Rain, Partially cloudy",1013.2,2019-10-06T05:48:52,2019-10-06T17:40:39
2019-10-07,27.0,77.6,4.9,33.33,20.3,6.8,35.4,208.3,"Rain, Partially cloudy",1013.4,2019-10-07T05:49:09,2019-10-07T17:39:46
2019-10-08,25.8,86.6,9.542,8.33,14.8,351.8,76.3,35.6,"Rain, Partially cloudy",1014.9,2019-10-08T05:49:28,2019-10-08T17:38:53
2019-10-09,24.8,89.7,17.982,8.33,14.8,306.5,58.8,95.1,"Rain, Partially cloudy",1013.9,2019-10-09T05:49:46,2019-10-09T17:38:01
2019-10-10,27.5,79.6,0.098,4.17,20.3,111.4,31.9,197.8,"Rain, Partially cloudy",1012.1,2019-10-10T05:50:05,2019-10-10T17:37:09
2019-10-11,28.6,76.0,0.3,8.33,16.6,121.3,28.1,201.0,"Rain, Partially cloudy",1011.1,2019-10-11T05:50:24,2019-10-11T17:36:18
2019-10-12,28.2,78.6,0.3,8.33,15.7,103.4,47.2,188.3,"Rain, Partially cloudy",1011.2,2019-10-12T05:50:43,2019-10-12T17:35:27
2019-10-13,27.4,78.4,3.5,58.33,18.5,37.7,51.4,158.8,"Rain, Partially cloudy",1013.7,2019-10-13T05:51:03,2019-10-13T17:34:37
2019-10-14,26.7,75.1,1.07,8.33,16.6,9.8,60.3,120.6,"Rain, Partially cloudy",1017.3,2019-10-14T05:51:24,2019-10-14T17:33:48
2019-10-15,25.5,74.8,0.793,12.5,13.9,354.9,73.3,48.4,"Rain, Partially cloudy",1018.6,2019-10-15T05:51:44,2019-10-15T17:32:59
2019-10-16,26.5,77.0,5.93,8.33,12.1,359.3,59.0,155.7,"Rain, Partially cloudy",1017.5,2019-10-16T05:52:05,2019-10-16T17:32:11
2019-10-17,25.8,83.2,3.035,12.5,16.6,34.7,62.5,144.4,"Rain, Partially cloudy",1016.7,2019-10-17T05:52:27,2019-10-17T17:31:23
2019-10-18,23.9,75.4,0.168,8.33,25.9,4.8,58.0,137.2,"Rain, Partially cloudy",1018.2,2019-10-18T05:52:49,2019-10-18T17:30:37
2019-10-19,25.2,70.3,0.0,0.0,12.1,359.8,22.9,192.8,Partially cloudy,1017.6,2019-10-19T05:53:12,2019-10-19T17:29:51
2019-10-20,26.3,74.4,0.0,0.0,14.8,107.9,24.8,190.0,Partially cloudy,1015.6,2019-10-20T05:53:35,2019-10-20T17:29:06
2019-10-21,26.9,78.4,0.8,25.0,16.6,105.9,41.9,181.0,"Rain, Partially cloudy",1012.2,2019-10-21T05:53:58,2019-10-21T17:28:21
2019-10-22,27.8,75.7,0.1,4.17,17.5,130.8,40.9,194.3,"Rain, Partially cloudy",1008.7,2019-10-22T05:54:22,2019-10-22T17:27:38
2019-10-23,28.5,78.1,3.6,33.33,20.3,115.4,68.2,127.7,"Rain, Partially cloudy",1008.6,2019-10-23T05:54:47,2019-10-23T17:26:55
2019-10-24,22.8,84.2,3.004,8.33,19.4,33.1,82.1,22.7,"Rain, Partially cloudy",1014.1,2019-10-24T05:55:12,2019-10-24T17:26:13
2019-10-25,23.7,82.1,0.8,20.83,11.2,348.9,64.5,66.6,"Rain, Partially cloudy",1015.9,2019-10-25T05:55:37,2019-10-25T17:25:33
2019-10-26,25.5,83.6,0.11,8.33,8.3,18.6,64.7,64.5,"Rain, Partially cloudy",1015.6,2019-10-26T05:56:03,2019-10-26T17:24:53
2019-10-27,26.2,82.2,2.22,12.5,17.6,109.8,59.7,80.7,"Rain, Partially cloudy",1014.0,2019-10-27T05:56:30,2019-10-27T17:24:14
2019-10-28,22.0,88.1,12.843,12.5,28.8,24.6,81.0,33.7,"Rain, Partially cloudy",1016.5,2019-10-28T05:56:57,2019-10-28T17:23:36
2019-10-29,23.0,65.7,0.002,4.17,18.5,337.6,42.4,226.8,"Rain, Partially cloudy",1017.5,2019-10-29T05:57:24,2019-10-29T17:22:59
2019-10-30,22.4,64.8,0.0,0.0,13.0,344.6,38.3,234.9,Partially cloudy,1016.9,2019-10-30T05:57:52,2019-10-30T17:22:23
2019-10-31,22.1,65.5,0.0,0.0,13.9,355.0,69.4,130.5,Partially cloudy,1016.3,2019-10-31T05:58:21,2019-10-31T17:21:48
2019-11-01,19.4,94.5,22.018,16.67,13.9,296.7,72.2,33.4,"Rain, Partially cloudy",1016.5,2019-11-01T05:58:50,2019-11-01T17:21:14
2019-11-02,21.7,91.3,3.063,8.33,15.7,297.0,74.6,44.6,"Rain, Partially cloudy",1015.4,2019-11-02T05:59:20,2019-11-02T17:20:42
2019-11-03,23.9,84.3,0.098,4.17,12.1,310.9,62.8,149.0,"Rain, Partially cloudy",1015.4,2019-11-03T05:59:50,2019-11-03T17:20:10
2019-11-04,24.7,69.4,0.0,0.0,17.5,8.1,26.0,186.6,Partially cloudy,1016.0,2019-11-04T06:00:21,2019-11-04T17:19:40
2019-11-05,23.4,61.4,0.0,0.0,16.6,27.3,1.2,222.1,Clear,1014.0,2019-11-05T06:00:52,2019-11-05T17:19:10
2019-11-06,23.3,70.5,0.0,0.0,11.2,85.9,14.8,196.7,Clear,1011.7,2019-11-06T06:01:24,2019-11-06T17:18:42
2019-11-07,24.6,66.1,0.0,0.0,17.6,12.5,28.5,180.3,Partially cloudy,1015.4,2019-11-07T06:01:56,2019-11-07T17:18:15
2019-11-08,23.6,60.9,0.0,0.0,14.8,17.2,42.5,213.9,Partially cloudy,1018.2,2019-11-08T06:02:29,2019-11-08T17:17:50
2019-11-09,22.0,67.5,0.0,0.0,11.2,30.6,12.7,211.6,Clear,1017.7,2019-11-09T06:03:02,2019-11-09T17:17:25
2019-11-10,22.0,70.9,0.0,0.0,13.0,319.9,15.9,208.2,Clear,1016.5,2019-11-10T06:03:36,2019-11-10T17:17:02
2019-11-11,22.5,73.0,0.0,0.0,7.6,338.3,25.5,212.5,Partially cloudy,1013.5,2019-11-11T06:04:10,2019-11-11T17:16:40
2019-11-12,23.4,76.0,0.0,0.0,11.6,109.8,49.5,137.2,Partially cloudy,1013.6,2019-11-12T06:04:45,2019-11-12T17:16:19
2019-11-13,24.1,87.2,0.197,4.17,19.4,28.7,69.9,112.7,"Rain, Partially cloudy",1017.8,2019-11-13T06:05:20,2019-11-13T17:16:00
2019-11-14,21.2,78.1,15.738,8.33,18.5,15.8,75.1,35.7,"Rain, Partially cloudy",1020.6,2019-11-14T06:05:55,2019-11-14T17:15:42
2019-11-15,22.8,76.1,0.0,0.0,14.8,116.4,27.6,161.5,Partially cloudy,1015.3,2019-11-15T06:06:31,2019-11-15T17:15:25
2019-11-16,24.9,78.9,0.0,0.0,21.4,130.9,64.5,137.9,Partially cloudy,1012.0,2019-11-16T06:07:07,2019-11-16T17:15:09
2019-11-17,26.2,80.3,0.1,4.17,16.6,131.5,49.0,140.3,"Rain, Partially cloudy",1010.7,2019-11-17T06:07:44,2019-11-17T17:14:55
2019-11-18,25.1,78.0,3.228,8.33,25.0,66.1,67.4,98.3,"Rain, Partially cloudy",1015.6,2019-11-18T06:08:21,2019-11-18T17:14:43
2019-11-19,19.1,71.4,2.948,4.17,17.3,16.5,70.2,62.4,"Rain, Partially cloudy",1019.5,2019-11-19T06:08:58,2019-11-19T17:14:31
2019-11-20,20.6,71.6,0.0,0.0,10.4,16.2,64.1,107.2,Partially cloudy,1019.2,2019-11-20T06:09:36,2019-11-20T17:14:21
2019-11-21,20.7,77.9,0.0,0.0,10.3,21.0,36.0,150.8,Partially cloudy,1018.8,2019-11-21T06:10:14,2019-11-21T17:14:12
2019-11-22,22.6,73.3,0.0,0.0,13.9,117.6,29.9,133.7,Partially cloudy,1016.8,2019-11-22T06:10:52,2019-11-22T17:14:05
2019-11-23,23.6,79.0,0.003,4.17,16.6,108.3,51.4,132.4,"Rain, Partially cloudy",1015.0,2019-11-23T06:11:30,2019-11-23T17:13:59
2019-11-24,24.5,78.9,0.0,0.0,19.4,106.0,39.9,151.1,Partially cloudy,1015.9,2019-11-24T06:12:09,2019-11-24T17:13:54
2019-11-25,24.4,70.4,0.0,0.0,13.9,53.0,24.7,144.0,Partially cloudy,1018.7,2019-11-25T06:12:48,2019-11-25T17:13:51
2019-11-26,22.2,71.8,0.4,8.33,15.7,43.9,57.8,121.8,"Rain, Partially cloudy",1018.9,2019-11-26T06:13:27,2019-11-26T17:13:49
2019-11-27,24.1,75.0,0.1,4.17,16.6,47.3,65.7,62.0,"Rain, Partially cloudy",1018.5,2019-11-27T06:14:06,2019-11-27T17:13:49
2019-11-28,20.4,66.8,1.0,16.67,22.3,28.4,72.0,53.5,"Rain, Partially cloudy",1021.3,2019-11-28T06:14:45,2019-11-28T17:13:50
2019-11-29,20.4,65.0,0.0,0.0,16.6,70.8,61.3,122.2,Partially cloudy,1020.1,2019-11-29T06:15:24,2019-11-29T17:13:52
2019-11-30,21.8,77.8,0.4,16.67,13.0,83.3,75.1,47.5,"Rain, Partially cloudy",1017.8,2019-11-30T06:16:03,2019-11-30T17:13:56
2019-12-01,21.0,73.0,0.109,4.17,26.8,49.0,79.4,33.6,"Rain, Partially cloudy",1018.8,2019-12-01T06:16:42,2019-12-01T17:14:01
2019-12-02,18.6,49.2,0.2,8.33,23.2,357.0,77.2,74.9,"Rain, Partially cloudy",1024.0,2019-12-02T06:17:21,2019-12-02T17:14:07
2019-12-03,17.8,48.8,0.0,0.0,17.5,12.8,25.7,185.1,Partially cloudy,1023.8,2019-12-03T06:18:00,2019-12-03T17:14:15
2019-12-04,17.6,50.0,0.0,0.0,14.8,4.2,13.0,198.8,Clear,1024.5,2019-12-04T06:18:39,2019-12-04T17:14:24
2019-12-05,18.7,40.4,0.0,0.0,20.5,359.7,0.4,202.3,Clear,1025.6,2019-12-05T06:19:18,2019-12-05T17:14:34
2019-12-06,17.0,41.2,0.0,0.0,18.5,345.8,1.7,204.2,Clear,1027.8,2019-12-06T06:19:57,2019-12-06T17:14:45
2019-12-07,15.4,54.0,0.0,0.0,14.8,338.0,9.0,206.1,Clear,1026.4,2019-12-07T06:20:35,2019-12-07T17:14:58
2019-12-08,14.9,55.6,0.0,0.0,9.4,311.7,3.8,204.0,Clear,1025.2,2019-12-08T06:21:13,2019-12-08T17:15:12
2019-12-09,15.9,56.7,0.0,0.0,10.3,314.3,8.0,202.3,Clear,1021.8,2019-12-09T06:21:51,2019-12-09T17:15:28
2019-12-10,15.3,61.7,0.0,0.0,10.3,297.6,0.0,200.9,Clear,1018.8,2019-12-10T06:22:28,2019-12-10T17:15:44
2019-12-11,15.7,66.1,0.0,0.0,10.9,309.5,0.0,198.8,Clear,1018.7,2019-12-11T06:23:05,2019-12-11T17:16:02
2019-12-12,16.9,66.3,0.0,0.0,13.0,74.8,2.0,196.4,Clear,1019.2,2019-12-12T06:23:42,2019-12-12T17:16:21
2019-12-13,19.1,74.6,0.0,0.0,10.3,209.7,41.5,107.4,Partially cloudy,1020.7,2019-12-13T06:24:18,2019-12-13T17:16:41
2019-12-14,19.7,82.8,0.0,0.0,10.3,84.8,43.0,114.0,Partially cloudy,1019.7,2019-12-14T06:24:54,2019-12-14T17:17:03
2019-12-15,22.2,81.2,0.1,4.17,19.4,115.0,72.0,116.1,"Rain, Partially cloudy",1017.3,2019-12-15T06:25:29,2019-12-15T17:17:25
2019-12-16,22.8,80.6,0.0,0.0,15.7,129.9,43.6,109.7,Partially cloudy,1015.7,2019-12-16T06:26:03,2019-12-16T17:17:49
2019-12-17,23.1,82.9,0.2,8.33,16.6,116.2,59.4,79.2,"Rain, Partially cloudy",1015.7,2019-12-17T06:26:37,2019-12-17T17:18:13
2019-12-18,24.3,80.1,1.0,37.5,19.4,125.2,52.2,119.1,"Rain, Partially cloudy",1015.8,2019-12-18T06:27:10,2019-12-18T17:18:39
2019-12-19,22.1,79.0,2.2,37.5,26.8,67.8,67.4,40.9,"Rain, Partially cloudy",1016.9,2019-12-19T06:27:43,2019-12-19T17:19:06
2019-12-20,16.6,81.8,0.198,12.5,22.3,38.2,84.8,25.9,"Rain, Partially cloudy",1018.1,2019-12-20T06:28:15,2019-12-20T17:19:33
2019-12-21,15.8,93.4,1.278,8.33,14.8,45.1,78.8,42.4,"Rain, Partially cloudy",1016.8,2019-12-21T06:28:46,2019-12-21T17:20:02
2019-12-22,15.8,92.2,0.692,8.33,14.8,42.6,78.6,35.0,"Rain, Partially cloudy",1015.9,2019-12-22T06:29:16,2019-12-22T17:20:32
2019-12-23,17.9,93.4,0.297,8.33,7.6,37.7,86.4,72.1,"Rain, Partially cloudy",1014.0,2019-12-23T06:29:46,2019-12-23T17:21:02
2019-12-24,21.4,88.1,3.7,45.83,15.7,106.0,69.4,55.6,"Rain, Partially cloudy",1015.2,2019-12-24T06:30:15,2019-12-24T17:21:33
2019-12-25,23.5,79.0,0.0,0.0,19.4,128.8,70.4,123.1,Partially cloudy,1012.7,2019-12-25T06:30:42,2019-12-25T17:22:05
2019-12-26,21.3,78.3,0.196,8.33,22.3,61.0,80.9,45.5,"Rain, Partially cloudy",1016.3,2019-12-26T06:31:09,2019-12-26T17:22:38
2019-12-27,16.7,62.4,0.002,4.17,18.4,20.0,90.2,22.2,"Rain, Overcast",1021.0,2019-12-27T06:31:35,2019-12-27T17:23:12
2019-12-28,17.1,66.7,0.0,0.0,12.1,344.0,88.9,98.8,Partially cloudy,1019.6,2019-12-28T06:32:00,2019-12-28T17:23:46
2019-12-29,18.9,75.8,0.0,0.0,13.0,289.7,42.1,120.3,Partially cloudy,1017.9,2019-12-29T06:32:24,2019-12-29T17:24:21
2019-12-30,19.9,79.3,0.0,0.0,10.4,289.0,53.8,114.8,Partially cloudy,1019.8,2019-12-30T06:32:47,2019-12-30T17:24:57
2019-12-31,20.9,79.3,0.297,8.33,13.9,315.6,72.1,50.4,"Rain, Partially cloudy",1023.2,2019-12-31T06:33:08,2019-12-31T17:25:33
2020-01-01,21.1,79.8,0.197,4.17,10.3,135.7,83.9,54.1,"Rain, Partially cloudy",1023.8,2020-01-01T06:33:29,2020-01-01T17:26:10
2020-01-02,21.7,82.4,0.196,8.33,15.7,92.6,70.8,68.3,"Rain, Partially cloudy",1022.2,2020-01-02T06:33:49,2020-01-02T17:26:47
2020-01-03,22.6,78.0,0.8,33.33,19.4,130.2,73.3,94.3,"Rain, Partially cloudy",1020.2,2020-01-03T06:34:07,2020-01-03T17:27:25
2020-01-04,21.4,87.3,6.915,8.33,21.4,102.8,67.2,82.3,"Rain, Partially cloudy",1018.5,2020-01-04T06:34:25,2020-01-04T17:28:03
2020-01-05,21.3,88.1,2.948,8.33,16.6,128.5,69.9,112.1,"Rain, Partially cloudy",1017.4,2020-01-05T06:34:41,2020-01-05T17:28:42
2020-01-06,22.6,81.2,0.7,16.67,23.2,125.5,58.1,124.4,"Rain, Partially cloudy",1016.0,2020-01-06T06:34:56,2020-01-06T17:29:21
2020-01-07,22.2,87.4,2.849,8.33,13.0,96.7,70.4,71.8,"Rain, Partially cloudy",1016.2,2020-01-07T06:35:09,2020-01-07T17:30:00
2020-01-08,23.4,77.0,1.2,29.17,25.0,127.3,44.0,114.0,"Rain, Partially cloudy",1016.4,2020-01-08T06:35:22,2020-01-08T17:30:40
2020-01-09,23.6,76.3,0.002,4.17,16.6,119.3,68.1,137.5,"Rain, Partially cloudy",1014.7,2020-01-09T06:35:33,2020-01-09T17:31:20
2020-01-10,24.0,74.5,0.0,0.0,19.4,136.7,52.6,122.4,Partially cloudy,1013.1,2020-01-10T06:35:43,2020-01-10T17:32:00
2020-01-11,21.3,79.7,1.6,37.5,26.8,78.7,73.0,118.2,"Rain, Partially cloudy",1014.1,2020-01-11T06:35:51,2020-01-11T17:32:41
2020-01-12,16.4,68.8,0.954,4.17,19.4,23.1,89.0,48.7,"Rain, Partially cloudy",1017.7,2020-01-12T06:35:59,2020-01-12T17:33:21
2020-01-13,16.6,86.7,0.295,4.17,10.3,33.0,81.6,52.5,"Rain, Partially cloudy",1015.7,2020-01-13T06:36:05,2020-01-13T17:34:02
2020-01-14,19.3,87.9,0.295,4.17,11.2,329.2,75.0,66.9,"Rain, Partially cloudy",1014.7,2020-01-14T06:36:10,2020-01-14T17:34:42
2020-01-15,22.7,80.2,0.4,16.67,25.9,133.1,62.4,98.3,"Rain, Partially cloudy",1012.9,2020-01-15T06:36:13,2020-01-15T17:35:23
2020-01-16,22.8,78.8,3.4,33.33,22.3,103.3,70.6,103.7,"Rain, Partially cloudy",1014.9,2020-01-16T06:36:15,2020-01-16T17:36:04
2020-01-17,16.2,77.7,0.003,4.17,22.3,39.1,86.6,34.0,"Rain, Partially cloudy",1019.1,2020-01-17T06:36:16,2020-01-17T17:36:45
2020-01-18,15.1,91.0,0.395,4.17,13.0,42.7,78.2,39.9,"Rain, Partially cloudy",1017.9,2020-01-18T06:36:15,2020-01-18T17:37:25
2020-01-19,14.9,79.8,0.305,8.33,17.5,22.0,81.7,38.0,"Rain, Partially cloudy",1020.4,2020-01-19T06:36:14,2020-01-19T17:38:06
2020-01-20,14.4,89.5,0.3,12.5,10.3,34.2,75.2,45.5,"Rain, Partially cloudy",1020.3,2020-01-20T06:36:10,2020-01-20T17:38:47
2020-01-21,17.9,88.5,0.098,4.17,13.9,96.3,76.5,76.2,"Rain, Partially cloudy",1018.9,2020-01-21T06:36:06,2020-01-21T17:39:27
2020-01-22,20.7,86.5,0.098,4.17,13.9,189.7,82.1,93.4,"Rain, Partially cloudy",1016.1,2020-01-22T06:36:00,2020-01-22T17:40:07
2020-01-23,23.4,81.7,0.5,20.83,22.3,126.4,75.5,92.8,"Rain, Partially cloudy",1014.0,2020-01-23T06:35:53,2020-01-23T17:40:47
2020-01-24,21.9,92.2,6.883,8.33,20.3,105.5,75.2,48.3,"Rain, Partially cloudy",1013.8,2020-01-24T06:35:44,2020-01-24T17:41:27
2020-01-25,17.7,86.0,59.066,16.67,26.8,37.6,72.3,36.4,"Rain, Partially cloudy",1014.1,2020-01-25T06:35:34,2020-01-25T17:42:06
2020-01-26,15.8,63.2,8.087,4.17,23.2,18.3,69.3,162.9,"Rain, Partially cloudy",1018.1,2020-01-26T06:35:23,2020-01-26T17:42:46
2020-01-27,14.8,60.2,0.0,0.0,16.6,32.5,68.5,138.8,Partially cloudy,1016.9,2020-01-27T06:35:11,2020-01-27T17:43:25
2020-01-28,14.8,61.4,0.016,4.17,16.9,23.8,94.2,120.3,"Rain, Overcast",1018.8,2020-01-28T06:34:57,2020-01-28T17:44:03
2020-01-29,14.7,62.3,0.3,8.33,14.8,358.9,83.1,99.2,"Rain, Partially cloudy",1022.3,2020-01-29T06:34:42,2020-01-29T17:44:42
2020-01-30,15.4,63.2,0.0,0.0,12.1,17.3,16.4,193.8,Clear,1021.8,2020-01-30T06:34:25,2020-01-30T17:45:20
2020-01-31,16.5,66.2,0.0,0.0,13.0,115.4,35.2,145.2,Partially cloudy,1020.2,2020-01-31T06:34:08,2020-01-31T17:45:57
2020-02-01,16.0,82.7,0.098,4.17,9.4,17.5,82.6,43.5,"Rain, Partially cloudy",1018.9,2020-02-01T06:33:49,2020-02-01T17:46:34
2020-02-02,17.7,87.9,0.1,4.17,7.6,22.2,84.1,79.0,"Rain, Partially cloudy",1018.4,2020-02-02T06:33:29,2020-02-02T17:47:11
2020-02-03,17.6,92.9,0.788,8.33,24.1,24.1,78.9,47.2,"Rain, Partially cloudy",1017.2,2020-02-03T06:33:07,2020-02-03T17:47:48
2020-02-04,14.1,90.9,4.288,12.5,17.5,18.8,70.6,26.8,"Rain, Partially cloudy",1019.2,2020-02-04T06:32:45,2020-02-04T17:48:24
2020-02-05,14.3,93.1,1.587,8.33,11.2,37.8,77.7,32.8,"Rain, Partially cloudy",1018.2,2020-02-05T06:32:21,2020-02-05T17:48:59
2020-02-06,16.9,90.9,0.098,4.17,10.0,314.7,80.3,81.8,"Rain, Partially cloudy",1016.2,2020-02-06T06:31:56,2020-02-06T17:49:34
2020-02-07,18.7,92.4,0.693,8.33,14.3,327.1,83.2,20.2,"Rain, Partially cloudy",1018.5,2020-02-07T06:31:30,2020-02-07T17:50:09
2020-02-08,17.6,88.3,2.949,12.5,20.3,44.9,82.9,30.3,"Rain, Partially cloudy",1021.8,2020-02-08T06:31:02,2020-02-08T17:50:43
2020-02-09,15.1,82.0,1.185,8.33,18.4,28.9,80.4,46.9,"Rain, Partially cloudy",1025.5,2020-02-09T06:30:34,2020-02-09T17:51:16
2020-02-10,16.3,78.0,0.098,4.17,12.1,65.4,77.7,109.0,"Rain, Partially cloudy",1021.7,2020-02-10T06:30:04,2020-02-10T17:51:50
2020-02-11,18.9,85.5,0.1,4.17,14.8,101.9,80.7,92.0,"Rain, Partially cloudy",1018.0,2020-02-11T06:29:34,2020-02-11T17:52:22
2020-02-12,20.4,88.9,0.395,12.5,13.0,124.5,78.3,68.6,"Rain, Partially cloudy",1015.1,2020-02-12T06:29:02,2020-02-12T17:52:54
2020-02-13,21.2,94.6,3.051,8.33,14.8,107.3,92.7,78.8,"Rain, Overcast",1011.1,2020-02-13T06:28:29,2020-02-13T17:53:26
2020-02-14,23.5,90.1,0.7,8.33,22.3,103.3,88.1,162.4,"Rain, Partially cloudy",1007.6,2020-02-14T06:27:55,2020-02-14T17:53:57
2020-02-15,24.9,84.9,0.003,4.17,19.4,99.5,68.6,133.1,"Rain, Partially cloudy",1009.4,2020-02-15T06:27:20,2020-02-15T17:54:28
2020-02-16,18.9,49.8,0.249,8.33,28.6,26.0,63.5,162.0,"Rain, Partially cloudy",1020.9,2020-02-16T06:26:45,2020-02-16T17:54:58
2020-02-17,17.6,46.3,0.0,0.0,18.5,39.0,75.3,149.1,Partially cloudy,1026.1,2020-02-17T06:26:08,2020-02-17T17:55:28
2020-02-18,17.8,46.1,0.0,0.0,16.6,84.9,59.6,177.7,Partially cloudy,1024.8,2020-02-18T06:25:30,2020-02-18T17:55:57
2020-02-19,18.2,64.3,0.0,0.0,10.3,62.2,72.5,156.0,Partially cloudy,1022.3,2020-02-19T06:24:51,2020-02-19T17:56:26
2020-02-20,18.5,85.3,0.098,4.17,12.1,304.9,76.0,70.6,"Rain, Partially cloudy",1022.1,2020-02-20T06:24:12,2020-02-20T17:56:54
2020-02-21,19.2,86.6,0.098,4.17,13.9,288.3,57.3,86.4,"Rain, Partially cloudy",1025.0,2020-02-21T06:23:32,2020-02-21T17:57:22
2020-02-22,19.7,86.0,0.1,4.17,11.2,290.7,56.3,176.5,"Rain, Partially cloudy",1025.5,2020-02-22T06:22:50,2020-02-22T17:57:49
2020-02-23,20.4,78.5,0.0,0.0,13.0,125.7,36.1,198.4,Partially cloudy,1022.6,2020-02-23T06:22:08,2020-02-23T17:58:16
2020-02-24,21.8,77.1,0.0,0.0,18.5,121.8,36.5,162.8,Partially cloudy,1018.3,2020-02-24T06:21:25,2020-02-24T17:58:43
2020-02-25,22.0,80.7,0.0,0.0,14.8,119.8,56.0,133.3,Partially cloudy,1016.5,2020-02-25T06:20:42,2020-02-25T17:59:08
2020-02-26,22.4,78.6,0.1,4.17,14.8,108.3,49.2,126.4,"Rain, Partially cloudy",1016.9,2020-02-26T06:19:57,2020-02-26T17:59:34
2020-02-27,23.9,71.5,0.6,12.5,16.6,124.7,55.8,137.2,"Rain, Partially cloudy",1016.8,2020-02-27T06:19:12,2020-02-27T17:59:59
2020-02-28,23.8,74.2,0.098,4.17,17.5,131.6,53.7,136.0,"Rain, Partially cloudy",1015.2,2020-02-28T06:18:26,2020-02-28T18:00:24
2020-02-29,23.7,77.9,1.0,25.0,16.6,127.3,57.7,108.2,"Rain, Partially cloudy",1012.9,2020-02-29T06:17:40,2020-02-29T18:00:48
2020-03-01,24.0,81.9,0.3,12.5,20.3,116.6,73.7,120.8,"Rain, Partially cloudy",1012.6,2020-03-01T06:16:53,2020-03-01T18:01:12
2020-03-02,23.5,83.6,0.197,4.17,20.5,125.8,81.2,105.8,"Rain, Partially cloudy",1013.2,2020-03-02T06:16:05,2020-03-02T18:01:35
2020-03-03,22.6,89.1,97.577,16.67,21.2,113.0,73.3,64.8,"Rain, Partially cloudy",1013.5,2020-03-03T06:15:17,2020-03-03T18:01:58
2020-03-04,19.1,87.2,19.524,16.67,31.7,38.2,75.4,48.9,"Rain, Partially cloudy",1016.7,2020-03-04T06:14:28,2020-03-04T18:02:21
2020-03-05,16.7,83.9,0.504,8.33,17.5,36.9,80.5,34.2,"Rain, Partially cloudy",1018.6,2020-03-05T06:13:39,2020-03-05T18:02:43
2020-03-06,19.6,82.7,0.102,4.17,15.7,95.4,82.3,141.6,"Rain, Partially cloudy",1014.5,2020-03-06T06:12:49,2020-03-06T18:03:05
2020-03-07,21.6,84.4,0.198,8.33,12.1,118.1,82.3,175.2,"Rain, Partially cloudy",1010.9,2020-03-07T06:11:59,2020-03-07T18:03:27
2020-03-08,24.5,82.3,0.098,4.17,16.6,105.6,50.4,230.4,"Rain, Partially cloudy",1005.3,2020-03-08T06:11:08,2020-03-08T18:03:48
2020-03-09,27.1,73.7,0.0,0.0,12.1,70.6,29.1,256.1,Partially cloudy,1004.2,2020-03-09T06:10:17,2020-03-09T18:04:09
2020-03-10,24.3,65.1,1.4,16.67,25.0,37.9,80.5,65.3,"Rain, Partially cloudy",1012.4,2020-03-10T06:09:25,2020-03-10T18:04:30
2020-03-11,22.4,69.3,0.0,0.0,16.6,119.2,75.2,70.6,Partially cloudy,1014.3,2020-03-11T06:08:33,2020-03-11T18:04:50
2020-03-12,22.6,84.1,0.098,4.17,13.0,110.8,86.6,158.8,"Rain, Partially cloudy",1011.8,2020-03-12T06:07:41,2020-03-12T18:05:11
2020-03-13,24.8,85.6,0.202,8.33,16.6,90.1,80.0,143.7,"Rain, Partially cloudy",1012.6,2020-03-13T06:06:48,2020-03-13T18:05:31
2020-03-14,22.5,75.2,0.517,8.33,18.4,40.1,92.8,48.0,"Rain, Overcast",1016.8,2020-03-14T06:05:55,2020-03-14T18:05:50
2020-03-15,20.1,79.4,0.8,25.0,10.3,54.4,90.0,53.7,"Rain, Partially cloudy",1017.4,2020-03-15T06:05:02,2020-03-15T18:06:10
2020-03-16,20.3,92.4,0.198,12.5,9.4,71.2,86.1,100.2,"Rain, Partially cloudy",1015.4,2020-03-16T06:04:09,2020-03-16T18:06:29
2020-03-17,21.7,93.8,3.105,12.5,19.4,61.1,90.9,99.9,"Rain, Overcast",1014.9,2020-03-17T06:03:15,2020-03-17T18:06:49
2020-03-18,18.8,92.7,11.822,8.33,20.3,41.6,78.1,38.5,"Rain, Partially cloudy",1013.4,2020-03-18T06:02:21,2020-03-18T18:07:08
2020-03-19,19.5,85.7,1.775,8.33,15.7,358.4,84.7,46.0,"Rain, Partially cloudy",1014.0,2020-03-19T06:01:27,2020-03-19T18:07:26
2020-03-20,21.9,79.1,0.2,8.33,18.4,94.1,80.5,103.8,"Rain, Partially cloudy",1013.2,2020-03-20T06:00:33,2020-03-20T18:07:45
2020-03-21,23.9,84.1,0.007,8.33,17.5,129.1,74.1,134.8,"Rain, Partially cloudy",1011.8,2020-03-21T05:59:39,2020-03-21T18:08:04
2020-03-22,25.3,85.5,2.964,12.5,19.4,129.3,80.3,140.4,"Rain, Partially cloudy",1011.7,2020-03-22T05:58:44,2020-03-22T18:08:22
2020-03-23,24.7,86.6,2.063,8.33,14.8,122.5,63.7,123.0,"Rain, Partially cloudy",1012.3,2020-03-23T05:57:50,2020-03-23T18:08:40
2020-03-24,25.6,78.4,0.393,4.17,22.3,130.8,50.6,186.7,"Rain, Partially cloudy",1011.6,2020-03-24T05:56:56,2020-03-24T18:08:59
2020-03-25,25.7,81.0,7.0,54.17,25.9,146.0,62.0,158.8,"Rain, Partially cloudy",1009.7,2020-03-25T05:56:01,2020-03-25T18:09:17
2020-03-26,26.4,80.2,0.983,4.17,23.2,138.9,75.7,194.8,"Rain, Partially cloudy",1008.9,2020-03-26T05:55:07,2020-03-26T18:09:35
2020-03-27,26.8,80.9,0.2,8.33,18.4,123.4,74.5,206.7,"Rain, Partially cloudy",1008.6,2020-03-27T05:54:13,2020-03-27T18:09:53
2020-03-28,25.9,81.8,4.6,45.83,22.3,123.7,79.4,46.7,"Rain, Partially cloudy",1009.8,2020-03-28T05:53:18,2020-03-28T18:10:11
2020-03-29,24.7,86.8,0.003,4.17,25.9,127.1,87.1,95.4,"Rain, Partially cloudy",1008.0,2020-03-29T05:52:24,2020-03-29T18:10:29
2020-03-30,20.8,86.9,0.002,4.17,26.8,63.4,88.0,63.1,"Rain, Partially cloudy",1009.1,2020-03-30T05:51:30,2020-03-30T18:10:48
2020-03-31,18.5,84.0,0.788,4.17,19.4,30.2,87.9,63.2,"Rain, Partially cloudy",1012.2,2020-03-31T05:50:36,2020-03-31T18:11:06
2020-04-01,19.3,80.7,0.002,4.17,13.0,32.3,84.1,82.1,"Rain, Partially cloudy",1012.9,2020-04-01T05:49:42,2020-04-01T18:11:24
2020-04-02,19.8,92.2,0.793,12.5,8.5,42.4,84.9,56.2,"Rain, Partially cloudy",1012.9,2020-04-02T05:48:49,2020-04-02T18:11:42
2020-04-03,21.1,93.9,1.402,8.33,19.4,43.8,85.4,74.7,"Rain, Partially cloudy",1013.2,2020-04-03T05:47:56,2020-04-03T18:12:00
2020-04-04,19.2,86.0,2.409,12.5,20.5,29.7,80.4,47.4,"Rain, Partially cloudy",1016.3,2020-04-04T05:47:03,2020-04-04T18:12:18
2020-04-05,18.2,74.4,0.415,8.33,16.6,9.1,88.3,54.9,"Rain, Partially cloudy",1018.5,2020-04-05T05:46:10,2020-04-05T18:12:37
2020-04-06,17.4,85.2,1.395,8.33,10.3,3.2,82.0,96.6,"Rain, Partially cloudy",1016.7,2020-04-06T05:45:17,2020-04-06T18:12:55
2020-04-07,19.5,78.8,0.61,8.33,11.2,7.5,65.9,127.4,"Rain, Partially cloudy",1015.6,2020-04-07T05:44:25,2020-04-07T18:13:14
2020-04-08,20.3,84.8,4.105,4.17,9.4,275.0,60.7,127.7,"Rain, Partially cloudy",1016.0,2020-04-08T05:43:33,2020-04-08T18:13:33
2020-04-09,22.6,78.7,0.0,0.0,13.0,207.0,51.6,146.3,Partially cloudy,1016.4,2020-04-09T05:42:42,2020-04-09T18:13:51
2020-04-10,23.9,79.2,0.1,4.17,15.8,96.4,74.0,160.6,"Rain, Partially cloudy",1014.7,2020-04-10T05:41:51,2020-04-10T18:14:10
2020-04-11,25.3,81.8,1.9,12.5,13.9,103.9,65.0,161.1,"Rain, Partially cloudy",1013.3,2020-04-11T05:41:00,2020-04-11T18:14:29
2020-04-12,20.3,80.1,25.702,12.5,25.9,19.7,59.9,146.0,"Rain, Partially cloudy",1018.4,2020-04-12T05:40:10,2020-04-12T18:14:49
2020-04-13,16.6,82.1,6.981,12.5,15.7,313.7,70.2,181.8,"Rain, Partially cloudy",1020.9,2020-04-13T05:39:20,2020-04-13T18:15:08
2020-04-14,19.2,70.3,0.0,0.0,13.9,204.4,33.6,251.2,Partially cloudy,1017.1,2020-04-14T05:38:31,2020-04-14T18:15:28
2020-04-15,21.6,74.3,0.0,0.0,19.4,108.0,71.7,234.1,Partially cloudy,1014.1,2020-04-15T05:37:42,2020-04-15T18:15:47
2020-04-16,23.1,85.3,0.4,12.5,13.0,107.6,81.1,120.8,"Rain, Partially cloudy",1011.2,2020-04-16T05:36:54,2020-04-16T18:16:07
2020-04-17,24.3,89.6,0.201,12.5,17.5,130.6,81.4,109.4,"Rain, Partially cloudy",1011.3,2020-04-17T05:36:06,2020-04-17T18:16:27
2020-04-18,26.4,80.5,0.491,4.17,21.4,125.0,65.7,175.8,"Rain, Partially cloudy",1010.2,2020-04-18T05:35:19,2020-04-18T18:16:48
2020-04-19,26.1,86.1,0.0,0.0,18.5,104.6,76.1,175.2,Partially cloudy,1009.3,2020-04-19T05:34:32,2020-04-19T18:17:08
2020-04-20,27.0,82.2,0.098,4.17,18.4,125.0,70.0,160.3,"Rain, Partially cloudy",1009.8,2020-04-20T05:33:46,2020-04-20T18:17:29
2020-04-21,27.0,84.5,0.098,4.17,20.5,111.5,76.8,213.1,"Rain, Partially cloudy",1008.9,2020-04-21T05:33:01,2020-04-21T18:17:50
2020-04-22,24.7,87.4,1.081,8.33,18.5,84.9,73.8,91.8,"Rain, Partially cloudy",1011.1,2020-04-22T05:32:17,2020-04-22T18:18:11
2020-04-23,20.8,82.3,4.042,8.33,24.1,40.3,79.6,42.3,"Rain, Partially cloudy",1015.8,2020-04-23T05:31:33,2020-04-23T18:18:32
2020-04-24,17.6,84.7,21.843,12.5,18.4,356.9,70.1,56.0,"Rain, Partially cloudy",1020.6,2020-04-24T05:30:49,2020-04-24T18:18:54
2020-04-25,18.8,79.4,1.578,12.5,9.4,320.4,65.7,91.9,"Rain, Partially cloudy",1019.7,2020-04-25T05:30:07,2020-04-25T18:19:16
2020-04-26,20.0,81.0,0.492,8.33,13.9,303.5,60.6,97.7,"Rain, Partially cloudy",1019.9,2020-04-26T05:29:25,2020-04-26T18:19:38
2020-04-27,23.0,68.7,0.098,4.17,13.9,291.3,36.7,287.6,"Rain, Partially cloudy",1018.2,2020-04-27T05:28:44,2020-04-27T18:20:00
2020-04-28,25.2,62.9,0.0,0.0,13.9,121.0,31.6,293.6,Partially cloudy,1016.2,2020-04-28T05:28:04,2020-04-28T18:20:22
2020-04-29,25.5,69.2,1.2,8.33,14.2,115.2,26.9,260.1,"Rain, Partially cloudy",1015.1,2020-04-29T05:27:24,2020-04-29T18:20:45
2020-04-30,25.5,76.7,0.098,4.17,13.9,117.7,49.1,206.8,"Rain, Partially cloudy",1013.7,2020-04-30T05:26:46,2020-04-30T18:21:08
2020-05-01,24.3,87.6,11.022,8.33,13.0,98.5,68.3,164.6,"Rain, Partially cloudy",1010.9,2020-05-01T05:26:08,2020-05-01T18:21:31
2020-05-02,27.1,76.8,0.0,0.0,16.6,130.8,54.0,182.3,Partially cloudy,1008.5,2020-05-02T05:25:31,2020-05-02T18:21:54
2020-05-03,28.0,79.8,0.0,0.0,16.6,129.3,70.8,226.3,Partially cloudy,1007.9,2020-05-03T05:24:55,2020-05-03T18:22:18
2020-05-04,29.4,77.4,0.0,0.0,25.9,119.7,59.0,252.9,Partially cloudy,1007.3,2020-05-04T05:24:20,2020-05-04T18:22:42
2020-05-05,29.1,80.1,0.0,0.0,21.4,113.0,68.8,278.2,Partially cloudy,1006.3,2020-05-05T05:23:46,2020-05-05T18:23:06
2020-05-06,28.6,80.9,0.0,0.0,21.4,105.2,58.7,285.7,Partially cloudy,1005.1,2020-05-06T05:23:12,2020-05-06T18:23:30
2020-05-07,28.9,82.9,0.0,0.0,18.4,96.1,79.6,286.4,Partially cloudy,1004.4,2020-05-07T05:22:40,2020-05-07T18:23:54
2020-05-08,28.9,81.3,0.0,0.0,30.6,101.1,63.7,276.1,Partially cloudy,1004.3,2020-05-08T05:22:09,2020-05-08T18:24:19
2020-05-09,28.4,80.2,7.958,8.33,17.5,97.6,52.9,297.6,"Rain, Partially cloudy",1006.4,2020-05-09T05:21:38,2020-05-09T18:24:43
2020-05-10,30.6,72.4,0.098,4.17,19.4,100.3,44.2,293.8,"Rain, Partially cloudy",1006.8,2020-05-10T05:21:09,2020-05-10T18:25:08
2020-05-11,29.4,79.5,1.0,4.17,20.5,114.3,70.4,232.0,"Rain, Partially cloudy",1008.1,2020-05-11T05:20:40,2020-05-11T18:25:33
2020-05-12,27.5,78.8,36.263,8.33,13.9,84.3,66.0,80.9,"Rain, Partially cloudy",1010.5,2020-05-12T05:20:13,2020-05-12T18:25:58
2020-05-13,27.3,81.1,8.155,4.17,23.2,147.2,70.0,236.2,"Rain, Partially cloudy",1009.4,2020-05-13T05:19:46,2020-05-13T18:26:23
2020-05-14,28.0,73.2,3.105,4.17,18.5,122.4,61.5,257.4,"Rain, Partially cloudy",1007.2,2020-05-14T05:19:21,2020-05-14T18:26:49
2020-05-15,29.1,78.4,0.0,0.0,23.2,123.0,68.4,265.5,Partially cloudy,1004.1,2020-05-15T05:18:56,2020-05-15T18:27:14
2020-05-16,28.6,79.2,2.948,4.17,21.4,115.0,62.8,244.3,"Rain, Partially cloudy",1004.2,2020-05-16T05:18:33,2020-05-16T18:27:39
2020-05-17,28.8,76.1,50.4,50.0,35.3,106.1,63.9,150.5,"Rain, Partially cloudy",1003.8,2020-05-17T05:18:11,2020-05-17T18:28:05
2020-05-18,28.7,74.9,2.358,8.33,17.6,79.4,54.6,164.6,"Rain, Partially cloudy",1003.2,2020-05-18T05:17:50,2020-05-18T18:28:30
2020-05-19,29.1,80.2,0.986,4.17,18.4,105.8,66.9,193.2,"Rain, Partially cloudy",1003.2,2020-05-19T05:17:29,2020-05-19T18:28:56
2020-05-20,32.2,70.6,0.0,0.0,14.8,128.0,52.9,271.3,Partially cloudy,1001.2,2020-05-20T05:17:10,2020-05-20T18:29:22
2020-05-21,34.0,62.1,0.0,0.0,12.1,165.8,60.7,305.5,Partially cloudy,999.8,2020-05-21T05:16:52,2020-05-21T18:29:47
2020-05-22,31.7,69.8,1.2,8.33,15.7,82.1,72.0,200.5,"Rain, Partially cloudy",1002.8,2020-05-22T05:16:35,2020-05-22T18:30:13
2020-05-23,28.6,80.7,3.93,4.17,13.9,81.3,67.1,119.0,"Rain, Partially cloudy",1005.9,2020-05-23T05:16:19,2020-05-23T18:30:38
2020-05-24,29.3,77.5,0.295,4.17,19.4,95.9,50.9,165.8,"Rain, Partially cloudy",1006.1,2020-05-24T05:16:05,2020-05-24T18:31:04
2020-05-25,31.0,73.5,8.7,12.5,22.1,98.6,49.9,258.2,"Rain, Partially cloudy",1005.5,2020-05-25T05:15:51,2020-05-25T18:31:29
2020-05-26,28.3,71.3,3.046,8.33,16.6,38.2,65.7,186.8,"Rain, Partially cloudy",1007.8,2020-05-26T05:15:38,2020-05-26T18:31:54
2020-05-27,26.3,79.5,6.017,8.33,17.6,314.7,57.5,176.1,"Rain, Partially cloudy",1010.3,2020-05-27T05:15:27,2020-05-27T18:32:19
2020-05-28,28.2,73.4,0.1,4.17,12.1,169.4,57.5,175.4,"Rain, Partially cloudy",1009.4,2020-05-28T05:15:16,2020-05-28T18:32:44
2020-05-29,29.7,73.5,0.295,8.33,18.4,139.4,48.5,194.2,"Rain, Partially cloudy",1006.9,2020-05-29T05:15:07,2020-05-29T18:33:09
2020-05-30,30.7,70.7,0.1,4.17,15.7,111.9,48.0,250.7,"Rain, Partially cloudy",1007.0,2020-05-30T05:14:59,2020-05-30T18:33:33
2020-05-31,31.2,71.1,0.393,4.17,18.4,113.8,58.3,274.4,"Rain, Partially cloudy",1006.9,2020-05-31T05:14:52,2020-05-31T18:33:58
2020-06-01,30.4,71.4,1.179,4.17,21.4,122.3,40.9,281.0,"Rain, Partially cloudy",1005.6,2020-06-01T05:14:46,2020-06-01T18:34:22
2020-06-02,30.5,69.5,1.965,4.17,16.6,126.6,48.7,290.5,"Rain, Partially cloudy",1004.1,2020-06-02T05:14:41,2020-06-02T18:34:45
2020-06-03,31.3,69.5,0.6,8.33,22.3,90.1,35.1,289.6,"Rain, Partially cloudy",1003.4,2020-06-03T05:14:37,2020-06-03T18:35:09
2020-06-04,31.8,69.1,0.2,8.33,22.3,114.1,60.9,252.8,"Rain, Partially cloudy",1002.9,2020-06-04T05:14:34,2020-06-04T18:35:32
2020-06-05,31.5,69.6,0.0,0.0,15.7,86.5,49.3,253.2,Partially cloudy,1002.9,2020-06-05T05:14:32,2020-06-05T18:35:54
2020-06-06,31.5,70.9,0.0,0.0,13.9,96.7,47.0,243.1,Partially cloudy,1002.4,2020-06-06T05:14:31,2020-06-06T18:36:16
2020-06-07,32.9,61.0,0.0,0.0,16.6,171.6,48.2,287.8,Partially cloudy,1000.5,2020-06-07T05:14:31,2020-06-07T18:36:38
2020-06-08,34.0,54.4,0.0,0.0,18.5,209.6,59.9,295.1,Partially cloudy,1000.4,2020-06-08T05:14:32,2020-06-08T18:37:00
2020-06-09,32.3,61.8,0.1,4.17,20.5,110.1,77.0,254.0,"Rain, Partially cloudy",1003.3,2020-06-09T05:14:34,2020-06-09T18:37:20
2020-06-10,30.5,73.0,0.491,4.17,29.5,139.3,50.7,209.0,"Rain, Partially cloudy",1005.1,2020-06-10T05:14:37,2020-06-10T18:37:41
2020-06-11,29.0,78.1,4.541,8.33,29.7,96.4,63.6,222.2,"Rain, Partially cloudy",1004.2,2020-06-11T05:14:42,2020-06-11T18:38:01
2020-06-12,29.9,72.6,1.018,8.33,20.3,129.2,59.9,192.1,"Rain, Partially cloudy",1001.7,2020-06-12T05:14:47,2020-06-12T18:38:20
2020-06-13,30.8,72.0,8.7,8.33,24.1,114.7,47.1,263.2,"Rain, Partially cloudy",1001.3,2020-06-13T05:14:52,2020-06-13T18:38:38
2020-06-14,28.5,81.4,0.002,4.17,20.3,71.8,65.7,106.0,"Rain, Partially cloudy",1004.0,2020-06-14T05:14:59,2020-06-14T18:38:57
2020-06-15,27.2,84.3,18.003,12.5,15.7,90.3,65.7,98.3,"Rain, Partially cloudy",1006.1,2020-06-15T05:15:07,2020-06-15T18:39:14
2020-06-16,30.3,73.7,1.1,12.5,24.1,121.9,54.8,256.7,"Rain, Partially cloudy",1004.2,2020-06-16T05:15:16,2020-06-16T18:39:31
2020-06-17,30.8,70.4,1.4,16.67,21.4,130.3,68.6,257.4,"Rain, Partially cloudy",1002.4,2020-06-17T05:15:25,2020-06-17T18:39:47
2020-06-18,31.0,71.1,0.5,20.83,23.2,104.2,46.8,279.5,"Rain, Partially cloudy",1003.5,2020-06-18T05:15:36,2020-06-18T18:40:02
2020-06-19,30.7,71.9,3.1,33.33,23.2,114.3,55.1,222.9,"Rain, Partially cloudy",1005.3,2020-06-19T05:15:47,2020-06-19T18:40:17
2020-06-20,31.5,69.8,0.1,4.17,25.9,136.4,54.0,275.7,"Rain, Partially cloudy",1004.5,2020-06-20T05:15:59,2020-06-20T18:40:30
2020-06-21,32.2,67.3,0.1,4.17,20.3,137.4,57.0,289.0,"Rain, Partially cloudy",1001.8,2020-06-21T05:16:11,2020-06-21T18:40:43
2020-06-22,33.2,63.2,0.0,0.0,22.3,130.2,53.4,302.4,Partially cloudy,1001.3,2020-06-22T05:16:25,2020-06-22T18:40:55
2020-06-23,32.7,61.5,0.1,4.17,21.4,124.5,77.9,294.7,"Rain, Partially cloudy",1002.8,2020-06-23T05:16:39,2020-06-23T18:41:07
2020-06-24,33.1,58.8,1.965,4.17,16.6,141.8,86.6,282.1,"Rain, Partially cloudy",1001.7,2020-06-24T05:16:54,2020-06-24T18:41:17
2020-06-25,30.5,76.7,0.2,8.33,15.7,81.3,65.2,177.0,"Rain, Partially cloudy",1001.3,2020-06-25T05:17:09,2020-06-25T18:41:27
2020-06-26,32.3,62.9,2.948,4.17,27.9,143.1,79.1,274.3,"Rain, Partially cloudy",1001.8,2020-06-26T05:17:25,2020-06-26T18:41:36
2020-06-27,32.6,62.3,0.0,0.0,25.0,134.9,67.8,295.7,Partially cloudy,1002.9,2020-06-27T05:17:42,2020-06-27T18:41:43
2020-06-28,32.4,65.2,0.1,4.17,25.0,138.0,53.9,292.3,"Rain, Partially cloudy",1003.3,2020-06-28T05:17:59,2020-06-28T18:41:50
2020-06-29,31.8,70.6,0.098,4.17,23.2,125.1,59.5,270.6,"Rain, Partially cloudy",1002.8,2020-06-29T05:18:17,2020-06-29T18:41:56
2020-06-30,31.9,69.1,0.7,12.5,24.1,120.6,58.8,249.4,"Rain, Partially cloudy",1001.6,2020-06-30T05:18:36,2020-06-30T18:42:01
2020-07-01,29.3,77.1,0.367,4.17,15.7,90.5,62.3,213.8,"Rain, Partially cloudy",1001.1,2020-07-01T05:18:55,2020-07-01T18:42:05
2020-07-02,29.9,76.1,0.14,4.17,16.6,96.8,51.4,166.6,"Rain, Partially cloudy",1001.4,2020-07-02T05:19:14,2020-07-02T18:42:08
2020-07-03,30.0,77.2,0.817,12.5,20.5,102.6,58.1,132.6,"Rain, Partially cloudy",1004.1,2020-07-03T05:19:34,2020-07-03T18:42:09
2020-07-04,28.8,81.2,41.272,12.5,13.2,97.0,58.8,152.3,"Rain, Partially cloudy",1005.5,2020-07-04T05:19:54,2020-07-04T18:42:10
2020-07-05,30.7,74.1,1.3,25.0,25.9,119.7,61.4,217.6,"Rain, Partially cloudy",1003.6,2020-07-05T05:20:15,2020-07-05T18:42:10
2020-07-06,31.1,70.8,1.0,8.33,21.4,126.9,54.4,246.6,"Rain, Partially cloudy",1003.2,2020-07-06T05:20:36,2020-07-06T18:42:09
2020-07-07,31.8,70.6,0.0,0.0,25.9,138.6,58.7,288.6,Partially cloudy,1005.3,2020-07-07T05:20:58,2020-07-07T18:42:06
2020-07-08,32.6,65.2,0.0,0.0,24.1,146.8,75.0,283.0,Partially cloudy,1003.7,2020-07-08T05:21:19,2020-07-08T18:42:03
2020-07-09,33.5,58.7,0.0,0.0,22.3,199.7,73.8,275.8,Partially cloudy,1000.3,2020-07-09T05:21:41,2020-07-09T18:41:58
2020-07-10,33.0,59.1,0.0,0.0,18.5,210.2,86.7,209.7,Partially cloudy,1000.2,2020-07-10T05:22:04,2020-07-10T18:41:53
2020-07-11,31.2,61.6,0.255,8.33,17.5,217.0,87.4,128.5,"Rain, Partially cloudy",1001.9,2020-07-11T05:22:26,2020-07-11T18:41:46
2020-07-12,30.7,67.6,0.0,0.0,16.6,194.1,52.7,165.7,Partially cloudy,1003.0,2020-07-12T05:22:49,2020-07-12T18:41:38
2020-07-13,31.9,65.7,0.3,4.17,21.4,138.1,34.2,289.0,"Rain, Partially cloudy",1004.9,2020-07-13T05:23:12,2020-07-13T18:41:29
2020-07-14,30.8,68.3,0.4,16.67,20.3,188.7,37.4,264.7,"Rain, Partially cloudy",1006.1,2020-07-14T05:23:35,2020-07-14T18:41:19
2020-07-15,32.2,67.4,0.1,4.17,24.1,134.5,39.8,285.7,"Rain, Partially cloudy",1004.0,2020-07-15T05:23:58,2020-07-15T18:41:07
2020-07-16,31.8,68.9,0.1,4.17,22.3,126.5,55.0,271.8,"Rain, Partially cloudy",1003.4,2020-07-16T05:24:22,2020-07-16T18:40:55
2020-07-17,32.5,64.9,0.0,0.0,24.1,139.9,65.8,290.9,Partially cloudy,1003.9,2020-07-17T05:24:45,2020-07-17T18:40:42
2020-07-18,33.0,63.0,0.2,4.17,20.5,152.9,71.6,293.7,"Rain, Partially cloudy",1004.1,2020-07-18T05:25:09,2020-07-18T18:40:27
2020-07-19,32.7,63.2,4.1,16.67,20.5,150.4,67.6,279.8,"Rain, Partially cloudy",1003.4,2020-07-19T05:25:32,2020-07-19T18:40:11
2020-07-20,28.9,78.7,0.196,8.33,18.5,96.0,52.2,169.2,"Rain, Partially cloudy",1005.3,2020-07-20T05:25:56,2020-07-20T18:39:54
2020-07-21,29.9,75.7,0.688,8.33,27.7,127.0,47.4,236.2,"Rain, Partially cloudy",1007.3,2020-07-21T05:26:19,2020-07-21T18:39:36
2020-07-22,30.8,69.5,0.5,12.5,20.5,137.6,36.1,276.0,"Rain, Partially cloudy",1007.1,2020-07-22T05:26:43,2020-07-22T18:39:17
2020-07-23,31.0,68.3,0.3,12.5,18.4,127.4,33.2,273.8,"Rain, Partially cloudy",1007.0,2020-07-23T05:27:06,2020-07-23T18:38:57
2020-07-24,31.2,68.8,0.0,0.0,19.4,127.9,37.2,251.6,Partially cloudy,1007.2,2020-07-24T05:27:30,2020-07-24T18:38:35
2020-07-25,31.5,69.2,0.0,0.0,21.4,123.1,47.5,266.4,Partially cloudy,1006.1,2020-07-25T05:27:53,2020-07-25T18:38:13
2020-07-26,30.0,74.2,0.017,4.17,27.0,126.8,72.6,267.0,"Rain, Partially cloudy",1004.7,2020-07-26T05:28:17,2020-07-26T18:37:49
2020-07-27,28.5,77.2,3.0,16.67,13.0,44.1,69.0,179.3,"Rain, Partially cloudy",1004.2,2020-07-27T05:28:40,2020-07-27T18:37:25
2020-07-28,29.1,75.7,0.14,8.33,17.5,77.5,55.9,116.5,"Rain, Partially cloudy",1005.5,2020-07-28T05:29:03,2020-07-28T18:36:59
2020-07-29,29.8,74.3,8.4,37.5,14.8,107.4,51.7,228.3,"Rain, Partially cloudy",1005.4,2020-07-29T05:29:26,2020-07-29T18:36:32
2020-07-30,31.6,67.5,1.2,20.83,18.5,108.9,51.0,254.7,"Rain, Partially cloudy",1004.9,2020-07-30T05:29:49,2020-07-30T18:36:04
2020-07-31,30.0,76.1,19.685,8.33,16.7,55.9,36.5,238.0,"Rain, Partially cloudy",1003.3,2020-07-31T05:30:11,2020-07-31T18:35:36
2020-08-01,29.3,75.2,8.046,12.5,21.2,3.0,72.1,60.9,"Rain, Partially cloudy",999.3,2020-08-01T05:30:34,2020-08-01T18:35:06
2020-08-02,26.8,86.3,66.738,29.17,28.6,25.9,61.8,55.9,"Rain, Partially cloudy",997.7,2020-08-02T05:30:56,2020-08-02T18:34:35
2020-08-03,27.1,85.9,3.936,8.33,17.6,57.7,69.7,78.5,"Rain, Partially cloudy",999.8,2020-08-03T05:31:18,2020-08-03T18:34:03
2020-08-04,27.5,86.5,6.315,12.5,16.6,101.1,72.7,74.4,"Rain, Partially cloudy",1001.1,2020-08-04T05:31:40,2020-08-04T18:33:30
2020-08-05,27.2,88.3,41.576,12.5,13.0,115.9,72.5,58.1,"Rain, Partially cloudy",1003.3,2020-08-05T05:32:02,2020-08-05T18:32:56
2020-08-06,27.0,89.9,3.72,12.5,14.8,102.3,74.8,68.1,"Rain, Partially cloudy",1005.6,2020-08-06T05:32:23,2020-08-06T18:32:21
2020-08-07,27.3,87.0,35.105,12.5,14.8,90.8,63.1,166.2,"Rain, Partially cloudy",1005.8,2020-08-07T05:32:44,2020-08-07T18:31:45
2020-08-08,29.8,76.8,0.5,8.33,17.5,118.0,58.1,227.7,"Rain, Partially cloudy",1004.3,2020-08-08T05:33:05,2020-08-08T18:31:08
2020-08-09,30.3,77.2,0.295,4.17,18.5,117.1,42.9,222.3,"Rain, Partially cloudy",1002.4,2020-08-09T05:33:26,2020-08-09T18:30:31
2020-08-10,31.2,73.3,0.197,4.17,18.5,134.9,48.7,251.9,"Rain, Partially cloudy",1001.2,2020-08-10T05:33:47,2020-08-10T18:29:52
2020-08-11,29.6,75.3,28.422,8.33,25.0,107.3,48.7,261.7,"Rain, Partially cloudy",1001.8,2020-08-11T05:34:07,2020-08-11T18:29:13
2020-08-12,30.1,77.8,19.755,4.17,19.4,107.8,62.5,249.5,"Rain, Partially cloudy",1004.0,2020-08-12T05:34:27,2020-08-12T18:28:32
2020-08-13,27.6,84.0,14.589,8.33,24.1,108.7,69.7,137.9,"Rain, Partially cloudy",1005.6,2020-08-13T05:34:47,2020-08-13T18:27:51
2020-08-14,26.6,86.2,8.804,12.5,19.4,121.1,73.0,109.3,"Rain, Partially cloudy",1006.1,2020-08-14T05:35:06,2020-08-14T18:27:09
2020-08-15,27.3,84.1,0.002,4.17,20.3,98.4,66.5,208.8,"Rain, Partially cloudy",1005.2,2020-08-15T05:35:25,2020-08-15T18:26:26
2020-08-16,27.1,83.7,18.628,12.5,16.6,94.0,61.3,142.0,"Rain, Partially cloudy",1004.4,2020-08-16T05:35:44,2020-08-16T18:25:43
2020-08-17,26.4,87.3,4.914,8.33,19.4,96.8,70.6,157.5,"Rain, Partially cloudy",1004.5,2020-08-17T05:36:03,2020-08-17T18:24:58
2020-08-18,26.3,87.7,51.827,12.5,18.5,92.1,73.4,97.7,"Rain, Partially cloudy",1005.2,2020-08-18T05:36:22,2020-08-18T18:24:13
2020-08-19,27.5,81.7,47.174,16.67,11.2,61.1,61.5,73.0,"Rain, Partially cloudy",1005.0,2020-08-19T05:36:40,2020-08-19T18:23:27
2020-08-20,28.4,79.2,0.1,8.33,13.9,114.2,54.2,133.3,"Rain, Partially cloudy",1006.4,2020-08-20T05:36:58,2020-08-20T18:22:41
2020-08-21,28.3,77.4,50.159,8.33,12.1,116.3,67.0,87.7,"Rain, Partially cloudy",1008.0,2020-08-21T05:37:15,2020-08-21T18:21:53
2020-08-22,28.5,79.2,6.768,12.5,13.0,306.2,56.0,140.8,"Rain, Partially cloudy",1007.8,2020-08-22T05:37:33,2020-08-22T18:21:06
2020-08-23,30.0,74.5,0.098,4.17,17.5,121.3,42.2,218.3,"Rain, Partially cloudy",1006.1,2020-08-23T05:37:50,2020-08-23T18:20:17
2020-08-24,30.6,72.6,0.098,4.17,22.1,139.5,44.7,255.3,"Rain, Partially cloudy",1003.9,2020-08-24T05:38:07,2020-08-24T18:19:28
2020-08-25,29.5,72.9,11.79,4.17,15.7,298.7,67.7,250.9,"Rain, Partially cloudy",1002.8,2020-08-25T05:38:24,2020-08-25T18:18:38
2020-08-26,31.3,67.6,0.1,4.17,13.9,347.1,61.3,253.1,"Rain, Partially cloudy",1001.4,2020-08-26T05:38:41,2020-08-26T18:17:48
2020-08-27,31.5,71.6,0.0,0.0,14.8,125.3,25.8,277.8,Partially cloudy,1000.4,2020-08-27T05:38:57,2020-08-27T18:16:57
2020-08-28,30.9,76.0,1.83,8.33,15.7,97.6,36.7,232.5,"Rain, Partially cloudy",1001.7,2020-08-28T05:39:13,2020-08-28T18:16:05
2020-08-29,31.3,73.8,3.1,33.33,17.5,115.1,47.9,224.5,"Rain, Partially cloudy",1003.6,2020-08-29T05:39:29,2020-08-29T18:15:13
2020-08-30,31.0,72.6,0.098,4.17,14.8,108.1,44.5,187.8,"Rain, Partially cloudy",1004.8,2020-08-30T05:39:45,2020-08-30T18:14:21
2020-08-31,30.5,73.6,2.4,25.0,14.8,336.4,51.5,180.7,"Rain, Partially cloudy",1006.7,2020-08-31T05:40:00,2020-08-31T18:13:28
2020-09-01,30.5,67.2,0.1,4.17,13.0,300.3,34.1,273.2,"Rain, Partially cloudy",1006.7,2020-09-01T05:40:16,2020-09-01T18:12:35
2020-09-02,31.5,68.5,0.098,4.17,12.1,50.3,14.0,275.0,Rain,1006.7,2020-09-02T05:40:31,2020-09-02T18:11:41
2020-09-03,30.8,73.6,0.983,4.17,11.2,58.9,24.5,230.1,"Rain, Partially cloudy",1007.7,2020-09-03T05:40:46,2020-09-03T18:10:47
2020-09-04,31.0,71.6,0.7,20.83,19.4,101.5,34.5,226.5,"Rain, Partially cloudy",1007.1,2020-09-04T05:41:01,2020-09-04T18:09:52
2020-09-05,31.5,69.9,4.1,29.17,15.7,133.5,29.3,218.5,"Rain, Partially cloudy",1005.1,2020-09-05T05:41:16,2020-09-05T18:08:58
2020-09-06,31.1,72.7,4.4,20.83,25.9,120.1,64.6,194.9,"Rain, Partially cloudy",1003.2,2020-09-06T05:41:31,2020-09-06T18:08:02
2020-09-07,26.6,85.4,33.424,8.33,12.1,354.3,73.5,78.7,"Rain, Partially cloudy",1005.4,2020-09-07T05:41:46,2020-09-07T18:07:07
2020-09-08,28.0,82.0,12.9,50.0,14.8,61.3,64.8,104.6,"Rain, Partially cloudy",1008.3,2020-09-08T05:42:00,2020-09-08T18:06:11
2020-09-09,28.4,81.2,0.052,4.17,19.4,114.7,68.2,139.4,"Rain, Partially cloudy",1008.2,2020-09-09T05:42:15,2020-09-09T18:05:15
2020-09-10,29.2,80.3,0.098,4.17,14.8,119.2,60.4,159.4,"Rain, Partially cloudy",1004.9,2020-09-10T05:42:29,2020-09-10T18:04:19
2020-09-11,28.9,79.3,8.5,45.83,14.3,93.1,44.6,97.1,"Rain, Partially cloudy",1005.7,2020-09-11T05:42:43,2020-09-11T18:03:23
2020-09-12,29.3,82.6,0.295,4.17,14.8,83.6,46.5,121.2,"Rain, Partially cloudy",1008.6,2020-09-12T05:42:58,2020-09-12T18:02:26
2020-09-13,28.7,81.2,2.256,8.33,18.4,107.0,65.6,175.6,"Rain, Partially cloudy",1009.8,2020-09-13T05:43:12,2020-09-13T18:01:29
2020-09-14,28.5,80.1,12.48,12.5,15.8,121.3,57.5,150.9,"Rain, Partially cloudy",1008.4,2020-09-14T05:43:26,2020-09-14T18:00:32
2020-09-15,29.6,78.4,0.43,8.33,18.4,120.9,60.1,173.7,"Rain, Partially cloudy",1007.0,2020-09-15T05:43:40,2020-09-15T17:59:35
2020-09-16,29.9,77.0,0.098,4.17,23.2,124.7,48.4,202.6,"Rain, Partially cloudy",1005.6,2020-09-16T05:43:55,2020-09-16T17:58:38
2020-09-17,30.3,72.8,8.1,50.0,15.7,72.9,47.4,191.8,"Rain, Partially cloudy",1004.8,2020-09-17T05:44:09,2020-09-17T17:57:41
2020-09-18,27.4,67.6,0.646,12.5,23.2,6.1,78.9,137.2,"Rain, Partially cloudy",1006.5,2020-09-18T05:44:23,2020-09-18T17:56:44
2020-09-19,24.8,81.7,33.924,16.67,22.3,0.7,76.9,43.1,"Rain, Partially cloudy",1008.2,2020-09-19T05:44:38,2020-09-19T17:55:47
2020-09-20,25.3,88.0,2.728,12.5,10.3,23.0,67.2,54.0,"Rain, Partially cloudy",1009.4,2020-09-20T05:44:52,2020-09-20T17:54:50
2020-09-21,28.2,80.9,4.5,33.33,17.5,128.1,62.1,123.8,"Rain, Partially cloudy",1008.4,2020-09-21T05:45:07,2020-09-21T17:53:53
2020-09-22,27.8,85.7,0.196,8.33,15.7,126.9,59.3,95.6,"Rain, Partially cloudy",1007.8,2020-09-22T05:45:21,2020-09-22T17:52:56
2020-09-23,27.3,85.3,0.59,4.17,18.4,57.4,57.5,53.6,"Rain, Partially cloudy",1008.6,2020-09-23T05:45:36,2020-09-23T17:51:59
2020-09-24,25.8,80.3,6.877,8.33,18.4,339.6,68.7,92.9,"Rain, Partially cloudy",1010.9,2020-09-24T05:45:51,2020-09-24T17:51:02
2020-09-25,28.4,76.4,0.197,4.17,16.6,121.0,62.6,164.5,"Rain, Partially cloudy",1007.8,2020-09-25T05:46:06,2020-09-25T17:50:05
2020-09-26,28.9,79.4,0.95,4.17,16.7,110.8,58.0,138.2,"Rain, Partially cloudy",1006.3,2020-09-26T05:46:21,2020-09-26T17:49:09
2020-09-27,26.1,84.1,35.28,8.33,21.4,30.2,68.5,75.0,"Rain, Partially cloudy",1008.6,2020-09-27T05:46:37,2020-09-27T17:48:13
2020-09-28,26.6,81.5,1.133,8.33,13.0,33.1,70.2,79.3,"Rain, Partially cloudy",1008.7,2020-09-28T05:46:52,2020-09-28T17:47:16
2020-09-29,29.0,77.4,0.016,4.17,16.6,95.5,55.8,151.1,"Rain, Partially cloudy",1006.9,2020-09-29T05:47:08,2020-09-29T17:46:21
2020-09-30,29.9,75.9,0.139,8.33,16.6,107.8,37.9,96.1,"Rain, Partially cloudy",1005.6,2020-09-30T05:47:24,2020-09-30T17:45:25
2020-10-01,27.9,82.1,21.07,8.33,16.6,95.9,60.7,101.1,"Rain, Partially cloudy",1007.1,2020-10-01T05:47:40,2020-10-01T17:44:30
2020-10-02,28.4,80.3,0.157,12.5,13.9,97.0,58.4,146.5,"Rain, Partially cloudy",1008.0,2020-10-02T05:47:57,2020-10-02T17:43:35
2020-10-03,27.2,87.5,8.062,8.33,13.9,85.8,49.9,125.0,"Rain, Partially cloudy",1009.0,2020-10-03T05:48:14,2020-10-03T17:42:40
2020-10-04,28.6,80.6,0.216,8.33,13.9,115.1,70.6,120.9,"Rain, Partially cloudy",1009.0,2020-10-04T05:48:31,2020-10-04T17:41:46
2020-10-05,27.9,82.7,1.389,8.33,18.5,86.0,48.0,58.4,"Rain, Partially cloudy",1009.7,2020-10-05T05:48:48,2020-10-05T17:40:52
2020-10-06,26.1,72.2,0.007,4.17,18.5,28.3,54.9,86.9,"Rain, Partially cloudy",1012.8,2020-10-06T05:49:06,2020-10-06T17:39:59
2020-10-07,25.1,67.6,0.4,16.67,20.5,27.1,61.6,162.5,"Rain, Partially cloudy",1014.7,2020-10-07T05:49:24,2020-10-07T17:39:06
2020-10-08,24.2,61.3,0.0,0.0,24.1,20.7,78.8,199.0,Partially cloudy,1015.5,2020-10-08T05:49:42,2020-10-08T17:38:14
2020-10-09,24.1,60.5,0.0,0.0,21.4,9.4,45.5,213.2,Partially cloudy,1016.1,2020-10-09T05:50:01,2020-10-09T17:37:22
2020-10-10,23.4,61.2,0.0,0.0,24.1,13.0,31.5,220.8,Partially cloudy,1014.5,2020-10-10T05:50:20,2020-10-10T17:36:30
2020-10-11,23.9,59.6,0.0,0.0,17.5,359.8,55.9,189.0,Partially cloudy,1011.9,2020-10-11T05:50:39,2020-10-11T17:35:40
2020-10-12,25.3,63.2,0.0,0.0,19.4,338.9,71.5,159.4,Partially cloudy,1010.2,2020-10-12T05:50:59,2020-10-12T17:34:49
2020-10-13,27.6,56.8,1.7,8.33,21.4,4.3,58.0,214.5,"Rain, Partially cloudy",1008.9,2020-10-13T05:51:19,2020-10-13T17:34:00
2020-10-14,23.6,84.3,55.622,25.0,23.2,351.2,94.2,26.0,"Rain, Overcast",1007.2,2020-10-14T05:51:40,2020-10-14T17:33:11
2020-10-15,23.3,86.8,40.874,16.67,19.4,3.4,93.8,38.0,"Rain, Overcast",1010.6,2020-10-15T05:52:01,2020-10-15T17:32:23
2020-10-16,24.9,73.2,55.083,8.33,25.0,2.7,92.0,49.5,"Rain, Overcast",1013.0,2020-10-16T05:52:22,2020-10-16T17:31:35
2020-10-17,23.1,60.5,0.098,4.17,21.4,355.5,94.3,32.2,"Rain, Overcast",1015.6,2020-10-17T05:52:44,2020-10-17T17:30:48
2020-10-18,22.2,70.1,14.085,8.33,23.2,358.7,96.8,21.9,"Rain, Overcast",1015.8,2020-10-18T05:53:07,2020-10-18T17:30:02
2020-10-19,21.9,66.8,0.695,8.33,18.4,346.5,99.0,31.3,"Rain, Overcast",1016.6,2020-10-19T05:53:30,2020-10-19T17:29:17
2020-10-20,22.8,58.4,0.098,4.17,15.7,356.1,99.2,65.9,"Rain, Overcast",1017.1,2020-10-20T05:53:53,2020-10-20T17:28:32
2020-10-21,24.0,54.2,0.0,0.0,21.2,348.1,48.2,216.0,Partially cloudy,1016.4,2020-10-21T05:54:17,2020-10-21T17:27:49
2020-10-22,23.8,51.7,0.0,0.0,20.5,343.8,30.5,239.6,Partially cloudy,1013.8,2020-10-22T05:54:41,2020-10-22T17:27:06
2020-10-23,23.1,54.9,0.0,0.0,19.4,1.3,29.2,242.6,Partially cloudy,1013.8,2020-10-23T05:55:06,2020-10-23T17:26:24
2020-10-24,22.3,60.2,0.0,0.0,13.0,346.6,41.3,240.3,Partially cloudy,1014.3,2020-10-24T05:55:31,2020-10-24T17:25:43
2020-10-25,21.9,71.4,0.098,4.17,14.8,331.9,81.0,47.5,"Rain, Partially cloudy",1014.0,2020-10-25T05:55:57,2020-10-25T17:25:03
2020-10-26,22.8,80.6,0.107,8.33,12.1,352.9,87.5,50.8,"Rain, Partially cloudy",1014.2,2020-10-26T05:56:24,2020-10-26T17:24:24
2020-10-27,25.2,80.6,0.986,4.17,12.1,311.6,49.3,151.0,"Rain, Partially cloudy",1012.6,2020-10-27T05:56:51,2020-10-27T17:23:45
2020-10-28,26.1,74.8,0.642,4.17,20.3,3.2,64.8,133.6,"Rain, Partially cloudy",1012.5,2020-10-28T05:57:18,2020-10-28T17:23:08
2020-10-29,22.8,76.5,18.778,12.5,23.2,14.7,92.1,30.7,"Rain, Overcast",1015.0,2020-10-29T05:57:46,2020-10-29T17:22:32
2020-10-30,20.8,92.1,8.914,16.67,12.1,337.7,95.7,40.0,"Rain, Overcast",1018.1,2020-10-30T05:58:14,2020-10-30T17:21:57
2020-10-31,22.3,86.6,2.081,8.33,9.4,336.5,73.6,28.1,"Rain, Partially cloudy",1017.8,2020-10-31T05:58:44,2020-10-31T17:21:23
2020-11-01,24.2,82.1,0.0,0.0,11.2,85.2,60.4,129.2,Partially cloudy,1015.8,2020-11-01T05:59:13,2020-11-01T17:20:50
2020-11-02,23.7,79.0,2.27,4.17,19.4,33.6,58.7,76.1,"Rain, Partially cloudy",1016.6,2020-11-02T05:59:43,2020-11-02T17:20:18
2020-11-03,22.3,59.9,0.002,4.17,15.7,1.1,73.9,145.0,"Rain, Partially cloudy",1018.8,2020-11-03T06:00:14,2020-11-03T17:19:47
2020-11-04,22.4,60.0,0.0,0.0,15.7,358.7,68.4,130.2,Partially cloudy,1017.7,2020-11-04T06:00:45,2020-11-04T17:19:18
2020-11-05,22.8,71.0,0.0,0.0,10.3,76.7,35.8,144.2,Partially cloudy,1016.8,2020-11-05T06:01:17,2020-11-05T17:18:49
2020-11-06,23.8,75.2,0.1,4.17,10.3,312.9,28.8,152.2,"Rain, Partially cloudy",1018.0,2020-11-06T06:01:49,2020-11-06T17:18:22
2020-11-07,25.0,61.5,0.0,0.0,20.3,1.0,33.4,177.4,Partially cloudy,1018.9,2020-11-07T06:02:21,2020-11-07T17:17:56
2020-11-08,25.0,54.4,0.0,0.0,17.6,6.2,20.6,205.0,Partially cloudy,1019.2,2020-11-08T06:02:54,2020-11-08T17:17:31
2020-11-09,23.7,50.2,0.0,0.0,19.4,4.6,2.9,217.7,Clear,1018.8,2020-11-09T06:03:28,2020-11-09T17:17:08
2020-11-10,22.0,49.4,0.0,0.0,17.5,355.1,69.1,213.0,Partially cloudy,1019.4,2020-11-10T06:04:02,2020-11-10T17:16:46
2020-11-11,22.7,52.4,0.2,4.17,12.1,322.0,59.5,124.4,"Rain, Partially cloudy",1020.6,2020-11-11T06:04:37,2020-11-11T17:16:25
2020-11-12,23.4,52.6,0.0,0.0,13.9,339.8,21.2,187.9,Partially cloudy,1019.7,2020-11-12T06:05:12,2020-11-12T17:16:05
2020-11-13,23.2,52.2,0.0,0.0,16.6,348.8,3.9,212.2,Clear,1017.8,2020-11-13T06:05:47,2020-11-13T17:15:46
2020-11-14,22.7,52.6,0.0,0.0,18.5,2.3,32.1,194.8,Partially cloudy,1017.5,2020-11-14T06:06:23,2020-11-14T17:15:29
2020-11-15,19.0,90.3,7.983,12.5,18.5,313.6,96.3,32.9,"Rain, Overcast",1018.5,2020-11-15T06:06:59,2020-11-15T17:15:13
2020-11-16,20.2,94.9,33.027,16.67,8.5,302.8,94.1,15.7,"Rain, Overcast",1016.9,2020-11-16T06:07:36,2020-11-16T17:14:59
2020-11-17,23.3,89.2,4.07,4.17,18.5,130.0,79.6,131.3,"Rain, Partially cloudy",1013.0,2020-11-17T06:08:12,2020-11-17T17:14:46
2020-11-18,25.2,81.4,0.0,0.0,13.9,123.8,67.8,110.9,Partially cloudy,1011.3,2020-11-18T06:08:50,2020-11-18T17:14:34
2020-11-19,24.9,83.6,0.098,4.17,12.1,126.9,68.9,97.4,"Rain, Partially cloudy",1010.8,2020-11-19T06:09:27,2020-11-19T17:14:24
2020-11-20,25.5,81.6,0.0,0.0,16.6,137.5,72.6,126.1,Partially cloudy,1011.2,2020-11-20T06:10:05,2020-11-20T17:14:15
2020-11-21,25.9,81.5,0.0,0.0,19.4,125.8,67.2,124.3,Partially cloudy,1012.1,2020-11-21T06:10:43,2020-11-21T17:14:07
2020-11-22,25.6,81.8,1.1,25.0,14.8,109.3,64.4,124.9,"Rain, Partially cloudy",1015.2,2020-11-22T06:11:22,2020-11-22T17:14:01
2020-11-23,25.9,76.9,2.5,45.83,16.6,118.3,56.5,103.7,"Rain, Partially cloudy",1017.1,2020-11-23T06:12:00,2020-11-23T17:13:56
2020-11-24,24.6,76.0,0.3,12.5,15.7,123.4,69.5,54.2,"Rain, Partially cloudy",1017.5,2020-11-24T06:12:39,2020-11-24T17:13:52
2020-11-25,24.3,77.4,0.4,8.33,13.9,136.0,54.0,120.3,"Rain, Partially cloudy",1017.0,2020-11-25T06:13:18,2020-11-25T17:13:50
2020-11-26,25.1,73.7,0.8,33.33,12.1,103.9,58.2,118.5,"Rain, Partially cloudy",1018.2,2020-11-26T06:13:57,2020-11-26T17:13:49
2020-11-27,23.5,71.2,0.0,0.0,19.4,59.0,39.8,138.4,Partially cloudy,1020.3,2020-11-27T06:14:36,2020-11-27T17:13:50
2020-11-28,20.2,65.9,0.0,0.0,20.5,33.8,83.6,141.0,Partially cloudy,1022.4,2020-11-28T06:15:15,2020-11-28T17:13:52
2020-11-29,19.4,52.8,0.0,0.0,21.4,11.8,41.4,178.3,Partially cloudy,1022.7,2020-11-29T06:15:54,2020-11-29T17:13:55
2020-11-30,19.7,48.9,0.0,0.0,22.3,21.3,45.1,183.3,Partially cloudy,1022.9,2020-11-30T06:16:33,2020-11-30T17:14:00
2020-12-01,19.1,52.4,0.0,0.0,18.4,35.3,74.3,107.3,Partially cloudy,1022.2,2020-12-01T06:17:12,2020-12-01T17:14:06
2020-12-02,18.6,64.6,0.2,8.33,14.8,17.5,63.6,75.9,"Rain, Partially cloudy",1021.2,2020-12-02T06:17:51,2020-12-02T17:14:13
2020-12-03,19.5,55.5,0.1,4.17,18.4,28.0,69.8,116.7,"Rain, Partially cloudy",1021.6,2020-12-03T06:18:30,2020-12-03T17:14:22
2020-12-04,17.7,55.2,0.0,0.0,18.5,22.2,71.5,123.6,Partially cloudy,1022.4,2020-12-04T06:19:09,2020-12-04T17:14:32
2020-12-05,15.7,57.6,0.0,0.0,20.5,29.0,33.8,175.4,Partially cloudy,1022.7,2020-12-05T06:19:48,2020-12-05T17:14:43
2020-12-06,16.4,65.5,0.0,0.0,10.4,96.8,0.7,192.2,Clear,1020.5,2020-12-06T06:20:26,2020-12-06T17:14:55
2020-12-07,18.4,63.8,0.0,0.0,15.7,349.0,43.9,174.6,Partially cloudy,1021.9,2020-12-07T06:21:04,2020-12-07T17:15:09
2020-12-08,18.4,64.1,0.0,0.0,16.6,350.6,15.0,169.0,Clear,1021.1,2020-12-08T06:21:42,2020-12-08T17:15:24
2020-12-09,18.4,69.5,0.0,0.0,13.0,78.8,25.8,179.3,Partially cloudy,1017.3,2020-12-09T06:22:20,2020-12-09T17:15:41
2020-12-10,20.1,67.9,0.0,0.0,9.4,43.4,25.3,151.3,Partially cloudy,1016.8,2020-12-10T06:22:57,2020-12-10T17:15:58
2020-12-11,20.6,75.5,0.0,0.0,19.4,110.9,60.6,149.1,Partially cloudy,1014.9,2020-12-11T06:23:33,2020-12-11T17:16:17
2020-12-12,22.2,73.6,0.1,4.17,15.7,121.5,63.4,77.4,"Rain, Partially cloudy",1013.4,2020-12-12T06:24:10,2020-12-12T17:16:37
2020-12-13,23.2,80.3,0.3,12.5,14.8,123.2,59.1,103.7,"Rain, Partially cloudy",1010.9,2020-12-13T06:24:45,2020-12-13T17:16:58
2020-12-14,22.0,78.8,0.002,4.17,25.0,54.7,89.1,31.8,"Rain, Partially cloudy",1014.9,2020-12-14T06:25:21,2020-12-14T17:17:20
2020-12-15,14.2,75.9,0.319,16.67,21.4,40.4,95.4,25.4,"Rain, Overcast",1021.6,2020-12-15T06:25:55,2020-12-15T17:17:43
2020-12-16,13.2,67.7,0.2,12.5,17.5,24.4,98.2,40.1,"Rain, Overcast",1024.1,2020-12-16T06:26:29,2020-12-16T17:18:08
2020-12-17,12.9,65.4,0.1,4.17,16.6,18.6,96.1,67.6,"Rain, Overcast",1022.8,2020-12-17T06:27:03,2020-12-17T17:18:33
2020-12-18,13.0,66.2,0.098,4.17,21.4,0.7,83.1,54.3,"Rain, Partially cloudy",1024.1,2020-12-18T06:27:36,2020-12-18T17:19:00
2020-12-19,14.5,51.6,0.0,0.0,18.5,356.5,94.9,88.6,Overcast,1026.1,2020-12-19T06:28:08,2020-12-19T17:19:27
2020-12-20,15.3,44.6,0.0,0.0,21.4,359.1,79.1,122.7,Partially cloudy,1026.5,2020-12-20T06:28:39,2020-12-20T17:19:55
2020-12-21,16.1,40.0,0.0,0.0,18.4,353.7,39.4,187.9,Partially cloudy,1024.3,2020-12-21T06:29:10,2020-12-21T17:20:25
2020-12-22,18.0,51.2,0.0,0.0,8.5,287.4,48.8,99.0,Partially cloudy,1019.9,2020-12-22T06:29:39,2020-12-22T17:20:55
2020-12-23,18.5,58.6,0.0,0.0,13.9,73.7,89.8,115.4,Partially cloudy,1017.4,2020-12-23T06:30:08,2020-12-23T17:21:26
2020-12-24,19.1,60.9,0.0,0.0,12.1,13.6,60.3,87.4,Partially cloudy,1017.6,2020-12-24T06:30:36,2020-12-24T17:21:58
2020-12-25,19.4,64.5,0.0,0.0,13.0,98.1,36.4,114.6,Partially cloudy,1017.5,2020-12-25T06:31:03,2020-12-25T17:22:30
2020-12-26,19.1,76.2,0.0,0.0,11.2,70.9,80.4,101.7,Partially cloudy,1015.8,2020-12-26T06:31:29,2020-12-26T17:23:04
2020-12-27,19.7,89.4,0.295,8.33,11.2,40.2,79.1,34.1,"Rain, Partially cloudy",1014.7,2020-12-27T06:31:54,2020-12-27T17:23:38
2020-12-28,21.6,86.1,0.106,12.5,18.0,116.6,81.9,76.8,"Rain, Partially cloudy",1012.1,2020-12-28T06:32:19,2020-12-28T17:24:13
2020-12-29,22.8,79.9,0.196,8.33,17.5,110.2,68.4,94.0,"Rain, Partially cloudy",1013.7,2020-12-29T06:32:42,2020-12-29T17:24:48
2020-12-30,18.3,43.8,2.958,8.33,30.6,34.7,92.7,42.8,"Rain, Overcast",1023.2,2020-12-30T06:33:04,2020-12-30T17:25:25
2020-12-31,14.7,42.5,0.0,0.0,16.6,53.0,50.4,155.3,Partially cloudy,1026.1,2020-12-31T06:33:25,2020-12-31T17:26:01
2021-01-01,13.4,42.6,0.0,0.0,14.8,9.6,8.0,202.6,Clear,1025.5,2021-01-01T06:33:45,2021-01-01T17:26:38
2021-01-02,13.5,56.7,0.0,0.0,9.4,75.9,0.0,201.9,Clear,1022.1,2021-01-02T06:34:03,2021-01-02T17:27:16
2021-01-03,15.1,55.0,0.0,0.0,18.4,54.8,27.8,131.1,Partially cloudy,1021.8,2021-01-03T06:34:21,2021-01-03T17:27:54
2021-01-04,16.9,50.4,0.0,0.0,9.4,19.9,46.6,147.6,Partially cloudy,1021.1,2021-01-04T06:34:37,2021-01-04T17:28:33
2021-01-05,17.2,63.3,0.0,0.0,11.2,347.3,90.3,94.8,Overcast,1020.3,2021-01-05T06:34:53,2021-01-05T17:29:12
2021-01-06,16.5,65.9,0.0,0.0,13.0,11.3,88.0,81.3,Partially cloudy,1019.1,2021-01-06T06:35:07,2021-01-06T17:29:51
2021-01-07,14.5,64.0,0.007,4.17,20.5,29.6,90.0,49.8,"Rain, Partially cloudy",1020.1,2021-01-07T06:35:19,2021-01-07T17:30:31
2021-01-08,11.1,54.3,0.7,25.0,22.3,18.0,97.1,41.7,"Rain, Overcast",1025.6,2021-01-08T06:35:31,2021-01-08T17:31:11
2021-01-09,10.4,42.5,0.0,0.0,14.8,28.8,92.5,84.3,Overcast,1025.2,2021-01-09T06:35:41,2021-01-09T17:31:51
2021-01-10,11.0,41.3,0.0,0.0,13.0,1.9,87.3,124.7,Partially cloudy,1024.3,2021-01-10T06:35:50,2021-01-10T17:32:31
2021-01-11,12.9,38.1,0.0,0.0,20.5,352.7,89.2,62.1,Partially cloudy,1028.8,2021-01-11T06:35:58,2021-01-11T17:33:12
2021-01-12,14.6,36.6,0.0,0.0,16.6,316.6,58.0,170.7,Partially cloudy,1026.3,2021-01-12T06:36:04,2021-01-12T17:33:52
2021-01-13,15.3,47.1,0.0,0.0,18.4,122.2,14.8,203.7,Clear,1018.6,2021-01-13T06:36:09,2021-01-13T17:34:33
2021-01-14,15.8,59.7,0.0,0.0,11.2,126.2,13.3,194.4,Clear,1017.1,2021-01-14T06:36:13,2021-01-14T17:35:14
2021-01-15,16.1,78.0,0.0,0.0,14.8,98.4,49.6,130.3,Partially cloudy,1015.4,2021-01-15T06:36:15,2021-01-15T17:35:54
2021-01-16,18.1,73.6,0.1,4.17,9.4,18.6,67.6,54.8,"Rain, Partially cloudy",1016.0,2021-01-16T06:36:16,2021-01-16T17:36:35
2021-01-17,15.7,70.3,2.653,8.33,22.3,3.6,86.3,23.9,"Rain, Partially cloudy",1024.8,2021-01-17T06:36:16,2021-01-17T17:37:16
2021-01-18,15.1,47.7,0.0,0.0,13.5,351.7,21.9,209.1,Partially cloudy,1024.3,2021-01-18T06:36:15,2021-01-18T17:37:57
2021-01-19,15.2,64.9,0.0,0.0,16.6,111.1,0.0,212.0,Clear,1018.7,2021-01-19T06:36:12,2021-01-19T17:38:37
2021-01-20,16.3,73.2,0.0,0.0,11.2,77.2,38.6,107.7,Partially cloudy,1016.9,2021-01-20T06:36:08,2021-01-20T17:39:18
2021-01-21,16.9,80.6,0.0,0.0,9.4,296.4,55.8,67.8,Partially cloudy,1015.9,2021-01-21T06:36:02,2021-01-21T17:39:58
2021-01-22,18.8,74.1,0.0,0.0,11.2,294.4,25.3,113.3,Partially cloudy,1015.4,2021-01-22T06:35:55,2021-01-22T17:40:38
2021-01-23,18.9,71.4,0.0,0.0,11.2,85.7,20.1,138.7,Partially cloudy,1014.5,2021-01-23T06:35:47,2021-01-23T17:41:18
2021-01-24,20.1,71.0,0.0,0.0,18.4,116.0,24.6,151.1,Partially cloudy,1013.1,2021-01-24T06:35:37,2021-01-24T17:41:57
2021-01-25,20.5,86.2,0.1,8.33,14.8,126.9,71.6,50.0,"Rain, Partially cloudy",1014.9,2021-01-25T06:35:27,2021-01-25T17:42:37
2021-01-26,21.3,77.0,0.8,25.0,20.5,140.2,57.4,105.4,"Rain, Partially cloudy",1016.1,2021-01-26T06:35:14,2021-01-26T17:43:16
2021-01-27,20.7,73.6,0.0,0.0,16.6,118.0,89.4,85.3,Partially cloudy,1015.8,2021-01-27T06:35:01,2021-01-27T17:43:54
2021-01-28,18.4,74.7,0.295,4.17,22.3,45.5,93.7,36.8,"Rain, Overcast",1021.1,2021-01-28T06:34:46,2021-01-28T17:44:33
2021-01-29,18.3,67.2,0.0,0.0,14.8,104.6,74.0,97.6,Partially cloudy,1020.9,2021-01-29T06:34:30,2021-01-29T17:45:11
2021-01-30,17.5,82.8,0.002,4.17,14.8,83.7,81.5,73.0,"Rain, Partially cloudy",1019.8,2021-01-30T06:34:13,2021-01-30T17:45:48
2021-01-31,18.3,86.4,0.984,4.17,9.4,99.2,87.1,41.9,"Rain, Partially cloudy",1019.3,2021-01-31T06:33:54,2021-01-31T17:46:26
2021-02-01,20.2,80.8,0.3,12.5,14.8,129.7,71.8,87.2,"Rain, Partially cloudy",1018.2,2021-02-01T06:33:34,2021-02-01T17:47:03
2021-02-02,20.6,79.4,0.4,16.67,13.0,117.6,71.2,87.7,"Rain, Partially cloudy",1018.8,2021-02-02T06:33:13,2021-02-02T17:47:39
2021-02-03,21.1,75.1,0.0,0.0,16.6,128.9,42.3,95.4,Partially cloudy,1019.3,2021-02-03T06:32:51,2021-02-03T17:48:15
2021-02-04,20.1,80.7,0.098,4.17,13.0,103.5,51.5,91.1,"Rain, Partially cloudy",1020.0,2021-02-04T06:32:27,2021-02-04T17:48:51
2021-02-05,21.1,73.5,0.0,0.0,14.8,115.2,42.4,101.8,Partially cloudy,1018.1,2021-02-05T06:32:03,2021-02-05T17:49:26
2021-02-06,20.3,76.1,0.0,0.0,14.8,113.5,36.8,167.8,Partially cloudy,1017.0,2021-02-06T06:31:37,2021-02-06T17:50:01
2021-02-07,21.3,71.8,0.0,0.0,13.0,103.2,47.5,124.3,Partially cloudy,1016.0,2021-02-07T06:31:10,2021-02-07T17:50:35
2021-02-08,20.5,78.4,1.974,8.33,24.1,298.8,59.1,132.9,"Rain, Partially cloudy",1017.6,2021-02-08T06:30:41,2021-02-08T17:51:09
2021-02-09,15.9,90.0,42.772,16.67,20.5,303.2,88.4,35.6,"Rain, Partially cloudy",1017.2,2021-02-09T06:30:12,2021-02-09T17:51:42
2021-02-10,17.9,75.0,0.003,4.17,13.0,284.3,39.1,189.1,"Rain, Partially cloudy",1015.7,2021-02-10T06:29:42,2021-02-10T17:52:15
2021-02-11,19.4,69.8,0.0,0.0,14.8,80.7,34.8,171.8,Partially cloudy,1016.2,2021-02-11T06:29:10,2021-02-11T17:52:47
2021-02-12,19.3,74.4,0.0,0.0,16.6,118.4,52.3,91.0,Partially cloudy,1017.1,2021-02-12T06:28:38,2021-02-12T17:53:19
2021-02-13,19.5,68.8,0.0,0.0,16.6,114.0,50.4,174.4,Partially cloudy,1016.9,2021-02-13T06:28:04,2021-02-13T17:53:50
2021-02-14,21.8,60.4,0.0,0.0,13.0,148.9,38.2,179.7,Partially cloudy,1016.2,2021-02-14T06:27:30,2021-02-14T17:54:21
2021-02-15,20.2,82.0,0.0,0.0,13.0,98.8,65.4,133.9,Partially cloudy,1013.7,2021-02-15T06:26:54,2021-02-15T17:54:51
2021-02-16,20.3,83.0,0.491,8.33,11.2,75.4,83.6,70.5,"Rain, Partially cloudy",1014.8,2021-02-16T06:26:17,2021-02-16T17:55:21
2021-02-17,20.0,69.8,1.5,25.0,20.5,347.5,81.7,60.6,"Rain, Partially cloudy",1020.1,2021-02-17T06:25:40,2021-02-17T17:55:51
2021-02-18,20.2,66.8,0.0,0.0,11.2,290.8,63.2,87.8,Partially cloudy,1023.3,2021-02-18T06:25:01,2021-02-18T17:56:19
2021-02-19,20.4,73.2,0.0,0.0,13.0,134.7,49.3,133.7,Partially cloudy,1022.8,2021-02-19T06:24:22,2021-02-19T17:56:48
2021-02-20,20.6,62.9,0.0,0.0,14.8,132.7,34.8,223.7,Partially cloudy,1019.4,2021-02-20T06:23:42,2021-02-20T17:57:16
2021-02-21,21.4,66.1,0.0,0.0,22.3,120.4,21.8,237.6,Partially cloudy,1015.4,2021-02-21T06:23:01,2021-02-21T17:57:43
2021-02-22,22.0,73.6,0.1,4.17,20.5,130.9,87.0,112.9,"Rain, Partially cloudy",1014.5,2021-02-22T06:22:19,2021-02-22T17:58:10
2021-02-23,22.4,73.3,0.0,0.0,13.0,120.6,89.5,152.7,Partially cloudy,1014.1,2021-02-23T06:21:36,2021-02-23T17:58:37
2021-02-24,22.6,75.1,0.0,0.0,22.3,137.6,83.2,121.9,Partially cloudy,1010.5,2021-02-24T06:20:53,2021-02-24T17:59:03
2021-02-25,23.0,79.7,0.098,4.17,18.4,126.0,91.6,131.2,"Rain, Overcast",1006.9,2021-02-25T06:20:09,2021-02-25T17:59:28
2021-02-26,23.8,77.6,0.098,4.17,16.6,120.7,76.0,83.6,"Rain, Partially cloudy",1006.9,2021-02-26T06:19:24,2021-02-26T17:59:53
2021-02-27,18.9,82.0,5.897,8.33,20.5,66.9,89.0,39.9,"Rain, Partially cloudy",1011.5,2021-02-27T06:18:38,2021-02-27T18:00:18
2021-02-28,17.3,94.2,1.319,8.33,13.0,67.0,93.8,32.7,"Rain, Overcast",1012.2,2021-02-28T06:17:52,2021-02-28T18:00:43
2021-03-01,20.6,95.0,0.705,8.33,13.0,326.8,94.8,70.2,"Rain, Overcast",1014.0,2021-03-01T06:17:05,2021-03-01T18:01:06
2021-03-02,19.9,62.8,0.936,12.5,24.1,42.6,97.8,64.8,"Rain, Overcast",1018.4,2021-03-02T06:16:17,2021-03-02T18:01:30
2021-03-03,18.1,79.4,0.002,4.17,14.8,58.2,92.4,44.8,"Rain, Overcast",1018.4,2021-03-03T06:15:29,2021-03-03T18:01:53
2021-03-04,17.1,89.5,4.0,8.33,11.2,48.3,93.4,61.6,"Rain, Overcast",1016.3,2021-03-04T06:14:41,2021-03-04T18:02:16
2021-03-05,19.2,93.8,0.69,4.17,11.2,68.6,95.9,89.6,"Rain, Overcast",1012.9,2021-03-05T06:13:51,2021-03-05T18:02:38
2021-03-06,23.0,85.9,0.397,8.33,18.4,50.0,78.2,143.0,"Rain, Partially cloudy",1013.7,2021-03-06T06:13:02,2021-03-06T18:03:00
2021-03-07,22.9,73.7,0.231,4.17,18.4,93.6,77.3,58.3,"Rain, Partially cloudy",1016.5,2021-03-07T06:12:11,2021-03-07T18:03:22
2021-03-08,21.6,93.2,0.005,4.17,18.4,130.5,94.0,57.9,"Rain, Overcast",1016.2,2021-03-08T06:11:21,2021-03-08T18:03:44
2021-03-09,23.4,90.8,1.5,37.5,20.5,130.6,91.6,129.7,"Rain, Overcast",1015.7,2021-03-09T06:10:30,2021-03-09T18:04:05
2021-03-10,24.0,83.5,0.003,4.17,25.9,126.0,83.1,118.3,"Rain, Partially cloudy",1015.3,2021-03-10T06:09:38,2021-03-10T18:04:25
2021-03-11,23.8,83.9,0.786,4.17,18.4,125.2,78.1,91.7,"Rain, Partially cloudy",1016.7,2021-03-11T06:08:46,2021-03-11T18:04:46
2021-03-12,24.3,79.8,0.4,12.5,18.4,141.9,64.2,166.1,"Rain, Partially cloudy",1017.1,2021-03-12T06:07:54,2021-03-12T18:05:06
2021-03-13,23.2,86.2,0.002,4.17,13.0,122.4,59.5,135.5,"Rain, Partially cloudy",1016.7,2021-03-13T06:07:01,2021-03-13T18:05:26
2021-03-14,23.3,79.6,0.1,4.17,18.4,132.0,31.3,142.8,"Rain, Partially cloudy",1014.0,2021-03-14T06:06:09,2021-03-14T18:05:46
2021-03-15,23.7,80.1,0.2,8.33,18.4,133.4,75.8,122.1,"Rain, Partially cloudy",1011.2,2021-03-15T06:05:15,2021-03-15T18:06:06
2021-03-16,23.4,92.3,1.974,8.33,18.4,130.1,90.9,90.8,"Rain, Overcast",1010.9,2021-03-16T06:04:22,2021-03-16T18:06:25
2021-03-17,24.3,87.3,0.5,20.83,18.4,129.9,89.3,83.1,"Rain, Partially cloudy",1010.7,2021-03-17T06:03:28,2021-03-17T18:06:44
2021-03-18,24.3,89.4,0.393,8.33,18.4,128.8,90.2,106.8,"Rain, Overcast",1010.3,2021-03-18T06:02:35,2021-03-18T18:07:03
2021-03-19,24.7,87.6,0.196,8.33,20.5,133.6,93.3,115.9,"Rain, Overcast",1009.0,2021-03-19T06:01:41,2021-03-19T18:07:22
2021-03-20,24.2,94.6,0.596,8.33,14.8,129.8,92.5,81.6,"Rain, Overcast",1008.5,2021-03-20T06:00:47,2021-03-20T18:07:41
2021-03-21,20.9,77.5,13.842,8.33,33.5,43.6,98.0,34.6,"Rain, Overcast",1015.2,2021-03-21T05:59:52,2021-03-21T18:08:00
2021-03-22,18.3,46.2,0.1,4.17,18.4,7.6,95.1,61.9,"Rain, Overcast",1023.9,2021-03-22T05:58:58,2021-03-22T18:08:18
2021-03-23,19.2,49.2,0.0,0.0,11.2,65.0,50.0,215.0,Partially cloudy,1020.5,2021-03-23T05:58:04,2021-03-23T18:08:37
2021-03-24,19.8,71.1,0.0,0.0,11.2,120.2,92.5,180.2,Overcast,1015.9,2021-03-24T05:57:09,2021-03-24T18:08:55
2021-03-25,20.1,92.8,0.003,4.17,13.0,89.0,98.7,63.2,"Rain, Overcast",1013.9,2021-03-25T05:56:15,2021-03-25T18:09:13
2021-03-26,22.9,93.2,0.993,12.5,18.4,132.2,95.4,72.3,"Rain, Overcast",1011.3,2021-03-26T05:55:21,2021-03-26T18:09:31
2021-03-27,23.2,95.4,0.304,8.33,18.4,131.2,94.4,95.0,"Rain, Overcast",1009.2,2021-03-27T05:54:26,2021-03-27T18:09:49
2021-03-28,23.5,96.3,0.61,12.5,13.0,118.7,96.5,74.2,"Rain, Overcast",1008.2,2021-03-28T05:53:32,2021-03-28T18:10:07
2021-03-29,25.3,91.5,0.1,4.17,14.8,113.6,91.8,211.4,"Rain, Overcast",1004.4,2021-03-29T05:52:38,2021-03-29T18:10:26
2021-03-30,25.2,93.8,0.0,0.0,14.8,98.2,93.2,221.8,Overcast,1002.1,2021-03-30T05:51:44,2021-03-30T18:10:44
2021-03-31,26.0,91.1,0.0,0.0,18.4,99.6,91.0,269.1,Overcast,1001.7,2021-03-31T05:50:50,2021-03-31T18:11:02
2021-04-01,26.2,89.9,0.0,0.0,16.6,113.1,90.0,252.6,Partially cloudy,1003.4,2021-04-01T05:49:56,2021-04-01T18:11:20
2021-04-02,25.5,95.3,0.108,8.33,14.8,116.4,95.1,144.8,"Rain, Overcast",1006.5,2021-04-02T05:49:02,2021-04-02T18:11:38
2021-04-03,25.3,94.4,0.493,8.33,16.6,112.5,93.5,66.8,"Rain, Overcast",1009.6,2021-04-03T05:48:09,2021-04-03T18:11:56
2021-04-04,25.6,88.8,11.1,37.5,16.6,102.5,81.6,127.0,"Rain, Partially cloudy",1012.1,2021-04-04T05:47:16,2021-04-04T18:12:15
2021-04-05,22.8,90.1,6.976,8.33,14.8,65.8,82.2,149.7,"Rain, Partially cloudy",1015.2,2021-04-05T05:46:23,2021-04-05T18:12:33
2021-04-06,25.0,82.8,0.197,4.17,22.3,99.7,72.7,114.4,"Rain, Partially cloudy",1014.8,2021-04-06T05:45:30,2021-04-06T18:12:51
2021-04-07,25.8,82.4,0.1,4.17,18.4,128.3,60.0,147.2,"Rain, Partially cloudy",1012.9,2021-04-07T05:44:38,2021-04-07T18:13:10
2021-04-08,26.2,83.6,0.872,4.17,20.5,121.7,75.6,193.7,"Rain, Partially cloudy",1011.0,2021-04-08T05:43:46,2021-04-08T18:13:29
2021-04-09,20.8,86.9,10.12,8.33,22.3,38.1,98.1,48.2,"Rain, Overcast",1014.5,2021-04-09T05:42:55,2021-04-09T18:13:47
2021-04-10,19.5,95.2,1.482,12.5,13.0,43.0,95.4,69.2,"Rain, Overcast",1016.2,2021-04-10T05:42:04,2021-04-10T18:14:06
2021-04-11,24.3,88.0,0.791,8.33,20.5,123.4,83.6,143.4,"Rain, Partially cloudy",1015.2,2021-04-11T05:41:13,2021-04-11T18:14:25
2021-04-12,26.4,80.8,0.1,4.17,20.5,133.2,87.2,151.9,"Rain, Partially cloudy",1013.1,2021-04-12T05:40:22,2021-04-12T18:14:45
2021-04-13,25.8,88.8,0.0,0.0,18.4,124.6,93.2,139.1,Overcast,1011.9,2021-04-13T05:39:33,2021-04-13T18:15:04
2021-04-14,26.8,83.6,0.4,12.5,20.5,114.5,83.7,147.9,"Rain, Partially cloudy",1009.9,2021-04-14T05:38:43,2021-04-14T18:15:23
2021-04-15,25.9,91.8,3.636,8.33,18.4,118.9,91.2,142.8,"Rain, Overcast",1009.0,2021-04-15T05:37:54,2021-04-15T18:15:43
2021-04-16,27.1,83.1,3.7,54.17,20.5,125.7,80.8,87.0,"Rain, Partially cloudy",1010.4,2021-04-16T05:37:06,2021-04-16T18:16:03
2021-04-17,23.0,92.5,123.724,12.5,18.4,44.0,88.5,31.8,"Rain, Partially cloudy",1014.3,2021-04-17T05:36:18,2021-04-17T18:16:23
2021-04-18,22.4,88.1,0.888,4.17,11.2,59.0,93.4,97.2,"Rain, Overcast",1012.8,2021-04-18T05:35:31,2021-04-18T18:16:43
2021-04-19,26.1,84.2,0.197,4.17,16.6,121.0,75.6,172.5,"Rain, Partially cloudy",1008.1,2021-04-19T05:34:44,2021-04-19T18:17:04
2021-04-20,28.2,80.8,0.3,12.5,24.1,130.7,69.2,210.4,"Rain, Partially cloudy",1007.4,2021-04-20T05:33:58,2021-04-20T18:17:24
2021-04-21,28.7,79.8,1.2,20.83,24.1,131.9,73.4,188.6,"Rain, Partially cloudy",1008.2,2021-04-21T05:33:13,2021-04-21T18:17:45
2021-04-22,28.4,81.7,0.7,20.83,22.3,129.0,75.9,190.7,"Rain, Partially cloudy",1007.7,2021-04-22T05:32:28,2021-04-22T18:18:06
2021-04-23,27.8,87.7,0.203,4.17,22.3,125.2,89.5,199.0,"Rain, Partially cloudy",1005.7,2021-04-23T05:31:44,2021-04-23T18:18:28
2021-04-24,28.2,88.5,0.2,8.33,20.5,120.4,90.6,202.1,"Rain, Overcast",1005.6,2021-04-24T05:31:00,2021-04-24T18:18:49
2021-04-25,26.9,95.3,1.526,12.5,16.6,102.7,94.7,108.2,"Rain, Overcast",1008.2,2021-04-25T05:30:18,2021-04-25T18:19:11
2021-04-26,23.8,93.6,41.755,16.67,14.8,76.6,83.9,36.1,"Rain, Partially cloudy",1010.3,2021-04-26T05:29:36,2021-04-26T18:19:33
2021-04-27,24.2,82.0,0.6,4.17,11.2,52.2,93.0,65.7,"Rain, Overcast",1013.1,2021-04-27T05:28:54,2021-04-27T18:19:55
2021-04-28,23.2,84.9,5.895,8.33,20.5,25.0,94.5,145.9,"Rain, Overcast",1015.0,2021-04-28T05:28:14,2021-04-28T18:20:17
2021-04-29,24.1,69.7,0.483,8.33,14.8,337.8,77.1,159.2,"Rain, Partially cloudy",1015.4,2021-04-29T05:27:34,2021-04-29T18:20:40
2021-04-30,25.3,75.4,0.4,4.17,20.5,114.5,34.5,265.5,"Rain, Partially cloudy",1011.8,2021-04-30T05:26:56,2021-04-30T18:21:03
2021-05-01,25.5,84.3,0.133,8.33,14.8,119.9,68.9,166.7,"Rain, Partially cloudy",1011.5,2021-05-01T05:26:18,2021-05-01T18:21:26
2021-05-02,27.6,83.7,3.972,12.5,20.5,124.1,68.1,194.6,"Rain, Partially cloudy",1009.7,2021-05-02T05:25:41,2021-05-02T18:21:49
2021-05-03,29.1,79.4,0.8,12.5,24.1,140.0,75.4,241.7,"Rain, Partially cloudy",1007.2,2021-05-03T05:25:04,2021-05-03T18:22:13
2021-05-04,29.3,76.3,3.7,4.17,24.1,118.8,59.4,241.7,"Rain, Partially cloudy",1007.3,2021-05-04T05:24:29,2021-05-04T18:22:37
2021-05-05,24.7,91.9,42.839,8.33,22.3,81.0,83.7,53.1,"Rain, Partially cloudy",1011.4,2021-05-05T05:23:55,2021-05-05T18:23:00
2021-05-06,26.8,79.1,0.297,4.17,16.6,141.5,59.0,202.1,"Rain, Partially cloudy",1012.7,2021-05-06T05:23:21,2021-05-06T18:23:25
2021-05-07,28.0,80.7,0.0,0.0,16.6,131.9,53.7,228.2,Partially cloudy,1011.5,2021-05-07T05:22:48,2021-05-07T18:23:49
2021-05-08,27.9,85.6,0.0,0.0,16.6,116.8,64.9,216.7,Partially cloudy,1008.6,2021-05-08T05:22:17,2021-05-08T18:24:13
2021-05-09,29.0,82.6,0.3,8.33,20.5,118.4,68.9,226.7,"Rain, Partially cloudy",1006.5,2021-05-09T05:21:46,2021-05-09T18:24:38
2021-05-10,30.1,78.6,0.1,4.17,25.9,123.3,50.7,282.8,"Rain, Partially cloudy",1004.8,2021-05-10T05:21:16,2021-05-10T18:25:03
2021-05-11,29.3,79.3,24.563,4.17,27.7,117.2,52.8,290.6,"Rain, Partially cloudy",1004.2,2021-05-11T05:20:48,2021-05-11T18:25:28
2021-05-12,29.3,81.8,2.612,4.17,20.5,110.1,47.9,274.8,"Rain, Partially cloudy",1003.9,2021-05-12T05:20:20,2021-05-12T18:25:53
2021-05-13,27.4,88.5,6.779,8.33,23.2,95.1,81.0,259.7,"Rain, Partially cloudy",1005.0,2021-05-13T05:19:53,2021-05-13T18:26:18
2021-05-14,29.2,79.2,0.151,4.17,24.1,132.3,41.9,262.7,"Rain, Partially cloudy",1004.7,2021-05-14T05:19:27,2021-05-14T18:26:43
2021-05-15,30.0,81.2,0.098,4.17,24.1,132.0,66.0,270.5,"Rain, Partially cloudy",1005.0,2021-05-15T05:19:03,2021-05-15T18:27:08
2021-05-16,30.4,78.4,0.197,4.17,22.3,121.0,66.6,270.0,"Rain, Partially cloudy",1005.1,2021-05-16T05:18:39,2021-05-16T18:27:34
2021-05-17,29.9,81.7,0.981,4.17,20.5,123.2,68.5,213.5,"Rain, Partially cloudy",1006.4,2021-05-17T05:18:17,2021-05-17T18:27:59
2021-05-18,30.1,80.6,0.2,8.33,24.1,128.1,80.1,193.4,"Rain, Partially cloudy",1005.9,2021-05-18T05:17:55,2021-05-18T18:28:25
2021-05-19,30.7,77.8,0.0,0.0,24.1,127.5,54.8,264.0,Partially cloudy,1003.4,2021-05-19T05:17:35,2021-05-19T18:28:51
2021-05-20,31.0,76.2,4.1,12.5,22.3,108.0,51.4,176.2,"Rain, Partially cloudy",1003.4,2021-05-20T05:17:15,2021-05-20T18:29:16
2021-05-21,30.1,83.8,0.057,8.33,20.5,109.8,65.1,249.3,"Rain, Partially cloudy",1003.2,2021-05-21T05:16:57,2021-05-21T18:29:42
2021-05-22,31.3,77.1,0.0,0.0,27.7,116.4,35.2,295.2,Partially cloudy,1001.5,2021-05-22T05:16:40,2021-05-22T18:30:07
2021-05-23,30.9,79.9,0.393,4.17,24.1,115.9,68.0,223.8,"Rain, Partially cloudy",1003.8,2021-05-23T05:16:24,2021-05-23T18:30:33
2021-05-24,27.4,80.9,8.844,4.17,22.3,356.9,88.2,157.4,"Rain, Partially cloudy",1009.0,2021-05-24T05:16:09,2021-05-24T18:30:58
2021-05-25,25.8,83.5,10.414,12.5,16.6,344.2,86.1,104.9,"Rain, Partially cloudy",1009.1,2021-05-25T05:15:55,2021-05-25T18:31:24
2021-05-26,28.9,81.2,2.953,4.17,22.3,124.2,50.8,242.4,"Rain, Partially cloudy",1006.8,2021-05-26T05:15:42,2021-05-26T18:31:49
2021-05-27,29.9,79.1,1.0,12.5,20.5,123.0,44.2,236.5,"Rain, Partially cloudy",1007.6,2021-05-27T05:15:30,2021-05-27T18:32:14
2021-05-28,30.3,77.0,1.0,25.0,18.4,119.0,50.7,242.3,"Rain, Partially cloudy",1007.7,2021-05-28T05:15:19,2021-05-28T18:32:39
2021-05-29,31.2,75.9,1.376,4.17,25.9,122.9,60.5,255.9,"Rain, Partially cloudy",1004.9,2021-05-29T05:15:10,2021-05-29T18:33:04
2021-05-30,32.4,69.8,0.0,0.0,16.6,106.9,43.2,261.0,Partially cloudy,1002.2,2021-05-30T05:15:01,2021-05-30T18:33:28
2021-05-31,33.7,63.7,0.0,0.0,16.6,120.2,65.4,260.5,Partially cloudy,1000.4,2021-05-31T05:14:54,2021-05-31T18:33:52
2021-06-01,34.5,59.7,0.0,0.0,20.5,165.8,66.9,302.3,Partially cloudy,1000.6,2021-06-01T05:14:48,2021-06-01T18:34:17
2021-06-02,33.5,67.2,0.0,0.0,14.8,114.1,60.5,256.7,Partially cloudy,1001.4,2021-06-02T05:14:42,2021-06-02T18:34:40
2021-06-03,34.2,66.0,0.8,12.5,18.4,110.9,55.8,300.8,"Rain, Partially cloudy",1001.6,2021-06-03T05:14:38,2021-06-03T18:35:04
2021-06-04,27.7,71.3,0.295,4.17,37.1,7.3,79.0,191.1,"Rain, Partially cloudy",1006.5,2021-06-04T05:14:35,2021-06-04T18:35:27
2021-06-05,28.5,63.4,0.017,4.17,7.6,48.7,73.3,227.6,"Rain, Partially cloudy",1006.1,2021-06-05T05:14:33,2021-06-05T18:35:50
2021-06-06,29.6,74.1,9.8,29.17,11.2,102.5,65.9,235.2,"Rain, Partially cloudy",1003.8,2021-06-06T05:14:32,2021-06-06T18:36:12
2021-06-07,28.7,80.8,53.6,8.33,18.4,82.7,57.4,136.5,"Rain, Partially cloudy",1004.6,2021-06-07T05:14:31,2021-06-07T18:36:34
2021-06-08,28.0,83.3,39.266,16.67,13.0,11.6,71.1,97.1,"Rain, Partially cloudy",1005.7,2021-06-08T05:14:32,2021-06-08T18:36:55
2021-06-09,28.3,83.9,35.764,12.5,16.6,68.7,77.5,116.9,"Rain, Partially cloudy",1004.3,2021-06-09T05:14:34,2021-06-09T18:37:16
2021-06-10,28.6,87.4,0.472,8.33,9.4,96.9,67.8,159.6,"Rain, Partially cloudy",1002.8,2021-06-10T05:14:37,2021-06-10T18:37:37
2021-06-11,29.4,80.9,1.983,4.17,14.8,82.1,55.8,105.5,"Rain, Partially cloudy",1003.4,2021-06-11T05:14:41,2021-06-11T18:37:57
2021-06-12,28.8,84.3,30.725,16.67,18.4,327.0,77.5,147.9,"Rain, Partially cloudy",1002.7,2021-06-12T05:14:46,2021-06-12T18:38:16
2021-06-13,27.7,87.2,56.93,20.83,24.1,59.9,85.9,169.0,"Rain, Partially cloudy",1002.0,2021-06-13T05:14:52,2021-06-13T18:38:35
2021-06-14,29.7,76.6,0.0,0.0,22.3,129.5,68.0,253.4,Partially cloudy,1001.3,2021-06-14T05:14:58,2021-06-14T18:38:53
2021-06-15,30.8,69.5,0.098,4.17,14.8,130.9,53.3,266.4,"Rain, Partially cloudy",999.5,2021-06-15T05:15:06,2021-06-15T18:39:11
2021-06-16,32.3,66.5,0.0,0.0,18.4,127.3,69.1,286.0,Partially cloudy,1001.1,2021-06-16T05:15:14,2021-06-16T18:39:27
2021-06-17,32.9,64.3,0.0,0.0,18.4,125.6,48.9,296.6,Partially cloudy,1002.9,2021-06-17T05:15:23,2021-06-17T18:39:44
2021-06-18,33.5,62.8,0.0,0.0,16.6,140.0,31.1,307.0,Partially cloudy,1003.0,2021-06-18T05:15:34,2021-06-18T18:39:59
2021-06-19,34.5,54.2,0.0,0.0,14.8,219.4,23.0,316.3,Partially cloudy,1000.7,2021-06-19T05:15:45,2021-06-19T18:40:14
2021-06-20,35.2,48.7,0.0,0.0,14.8,226.2,34.1,318.1,Partially cloudy,998.7,2021-06-20T05:15:56,2021-06-20T18:40:28
2021-06-21,34.3,58.5,0.0,0.0,16.6,195.3,65.0,302.4,Partially cloudy,999.3,2021-06-21T05:16:09,2021-06-21T18:40:41
2021-06-22,32.3,66.8,2.4,25.0,18.4,64.1,79.3,201.2,"Rain, Partially cloudy",1002.5,2021-06-22T05:16:22,2021-06-22T18:40:53
2021-06-23,29.8,75.4,42.319,8.33,13.0,174.5,75.8,116.2,"Rain, Partially cloudy",1003.6,2021-06-23T05:16:36,2021-06-23T18:41:05
2021-06-24,28.1,88.2,1.114,4.17,14.8,70.5,71.9,164.0,"Rain, Partially cloudy",1002.6,2021-06-24T05:16:51,2021-06-24T18:41:16
2021-06-25,28.2,83.7,0.07,4.17,25.9,104.6,68.5,168.0,"Rain, Partially cloudy",1002.6,2021-06-25T05:17:06,2021-06-25T18:41:25
2021-06-26,28.9,77.8,38.322,8.33,14.8,125.0,65.3,241.5,"Rain, Partially cloudy",1003.5,2021-06-26T05:17:22,2021-06-26T18:41:34
2021-06-27,32.0,64.6,6.878,4.17,14.8,175.1,76.5,286.8,"Rain, Partially cloudy",1002.1,2021-06-27T05:17:39,2021-06-27T18:41:42
2021-06-28,33.6,55.5,1.0,4.17,11.2,211.7,90.5,279.2,"Rain, Overcast",999.2,2021-06-28T05:17:56,2021-06-28T18:41:49
2021-06-29,32.5,59.9,0.129,4.17,16.6,130.7,95.5,205.9,"Rain, Overcast",999.5,2021-06-29T05:18:14,2021-06-29T18:41:55
2021-06-30,32.0,65.1,0.017,4.17,16.6,142.0,92.9,209.1,"Rain, Overcast",1000.0,2021-06-30T05:18:32,2021-06-30T18:42:01
2021-07-01,32.8,57.1,0.0,0.0,18.4,177.6,93.9,216.1,Overcast,1000.6,2021-07-01T05:18:51,2021-07-01T18:42:05
2021-07-02,33.6,53.2,0.0,0.0,22.3,217.3,93.4,280.4,Overcast,1001.8,2021-07-02T05:19:10,2021-07-02T18:42:08
2021-07-03,32.9,62.1,0.0,0.0,13.0,312.0,78.5,273.6,Partially cloudy,1001.9,2021-07-03T05:19:30,2021-07-03T18:42:10
2021-07-04,32.7,67.3,0.1,4.17,18.4,119.8,73.3,272.6,"Rain, Partially cloudy",1002.6,2021-07-04T05:19:50,2021-07-04T18:42:11
2021-07-05,30.2,77.9,3.982,8.33,20.5,125.1,75.9,207.7,"Rain, Partially cloudy",1004.3,2021-07-05T05:20:11,2021-07-05T18:42:11
2021-07-06,31.3,69.7,0.4,8.33,16.6,119.6,53.5,256.2,"Rain, Partially cloudy",1003.9,2021-07-06T05:20:32,2021-07-06T18:42:10
2021-07-07,29.6,80.6,23.901,12.5,11.2,317.0,71.3,187.9,"Rain, Partially cloudy",1004.4,2021-07-07T05:20:53,2021-07-07T18:42:08
2021-07-08,27.2,91.1,54.647,20.83,20.5,100.0,87.3,136.0,"Rain, Partially cloudy",1006.1,2021-07-08T05:21:15,2021-07-08T18:42:04
2021-07-09,29.0,82.9,7.018,12.5,16.6,124.3,54.1,181.9,"Rain, Partially cloudy",1008.3,2021-07-09T05:21:37,2021-07-09T18:42:00
2021-07-10,29.1,80.1,11.878,4.17,14.8,90.4,41.3,240.6,"Rain, Partially cloudy",1008.8,2021-07-10T05:21:59,2021-07-10T18:41:55
2021-07-11,30.4,70.7,0.3,8.33,16.6,143.9,42.3,272.6,"Rain, Partially cloudy",1009.6,2021-07-11T05:22:21,2021-07-11T18:41:48
2021-07-12,30.8,71.1,0.0,0.0,20.5,141.2,26.3,301.6,Partially cloudy,1008.4,2021-07-12T05:22:44,2021-07-12T18:41:41
2021-07-13,30.9,73.8,0.9,4.17,20.5,137.9,41.2,279.6,"Rain, Partially cloudy",1006.2,2021-07-13T05:23:07,2021-07-13T18:41:32
2021-07-14,31.3,71.3,0.9,16.67,24.1,131.7,42.4,251.7,"Rain, Partially cloudy",1005.7,2021-07-14T05:23:30,2021-07-14T18:41:22
2021-07-15,31.2,69.6,0.0,0.0,20.5,136.2,42.0,264.8,Partially cloudy,1007.2,2021-07-15T05:23:53,2021-07-15T18:41:11
2021-07-16,31.3,68.9,0.2,8.33,14.8,127.8,33.1,279.1,"Rain, Partially cloudy",1007.5,2021-07-16T05:24:17,2021-07-16T18:40:59
2021-07-17,31.3,69.7,0.6,4.17,22.3,117.2,50.4,288.5,"Rain, Partially cloudy",1003.9,2021-07-17T05:24:40,2021-07-17T18:40:46
2021-07-18,27.9,90.6,0.81,4.17,18.4,102.6,79.4,189.6,"Rain, Partially cloudy",1001.7,2021-07-18T05:25:04,2021-07-18T18:40:31
2021-07-19,28.8,79.1,14.3,50.0,16.6,77.3,60.0,187.7,"Rain, Partially cloudy",1001.8,2021-07-19T05:25:27,2021-07-19T18:40:16
2021-07-20,29.3,81.8,0.098,4.17,22.3,303.7,71.6,179.4,"Rain, Partially cloudy",1002.2,2021-07-20T05:25:51,2021-07-20T18:39:59
2021-07-21,29.1,80.6,0.122,4.17,22.3,323.5,65.0,147.4,"Rain, Partially cloudy",1001.4,2021-07-21T05:26:14,2021-07-21T18:39:41
2021-07-22,28.2,89.9,32.392,8.33,13.0,359.3,56.3,66.3,"Rain, Partially cloudy",999.9,2021-07-22T05:26:38,2021-07-22T18:39:23
2021-07-23,26.7,97.8,50.844,16.67,18.4,291.2,86.3,30.5,"Rain, Partially cloudy",998.3,2021-07-23T05:27:01,2021-07-23T18:39:03
2021-07-24,30.0,81.7,1.965,4.17,24.1,331.3,53.1,228.2,"Rain, Partially cloudy",998.4,2021-07-24T05:27:25,2021-07-24T18:38:42
2021-07-25,30.1,77.6,5.2,25.0,14.8,326.0,61.2,262.7,"Rain, Partially cloudy",999.8,2021-07-25T05:27:48,2021-07-25T18:38:19
2021-07-26,30.2,75.9,0.175,4.17,14.8,272.3,61.1,225.6,"Rain, Partially cloudy",999.4,2021-07-26T05:28:12,2021-07-26T18:37:56
2021-07-27,31.5,72.7,0.197,4.17,11.2,259.3,66.5,268.5,"Rain, Partially cloudy",997.5,2021-07-27T05:28:35,2021-07-27T18:37:32
2021-07-28,31.0,74.8,0.157,4.17,18.4,7.5,65.7,235.9,"Rain, Partially cloudy",997.4,2021-07-28T05:28:58,2021-07-28T18:37:06
2021-07-29,30.2,81.9,7.417,8.33,20.5,70.4,67.7,194.2,"Rain, Partially cloudy",999.0,2021-07-29T05:29:21,2021-07-29T18:36:40
2021-07-30,31.2,75.4,0.005,4.17,11.2,131.4,64.2,234.2,"Rain, Partially cloudy",999.6,2021-07-30T05:29:44,2021-07-30T18:36:12
2021-07-31,31.9,76.0,0.0,0.0,14.8,60.3,63.2,253.2,Partially cloudy,998.3,2021-07-31T05:30:07,2021-07-31T18:35:43
2021-08-01,28.0,90.0,16.117,8.33,13.4,301.3,90.2,52.6,"Rain, Overcast",999.2,2021-08-01T05:30:29,2021-08-01T18:35:14
2021-08-02,30.9,77.8,0.0,0.0,14.4,275.6,52.4,256.9,Partially cloudy,998.5,2021-08-02T05:30:51,2021-08-02T18:34:43
2021-08-03,31.5,70.6,0.0,0.0,13.0,297.1,63.1,285.7,Partially cloudy,999.4,2021-08-03T05:31:14,2021-08-03T18:34:11
2021-08-04,32.8,71.0,0.0,0.0,13.0,294.2,51.8,299.4,Partially cloudy,999.5,2021-08-04T05:31:36,2021-08-04T18:33:39
2021-08-05,33.0,71.4,0.0,0.0,16.6,306.4,50.6,291.5,Partially cloudy,998.1,2021-08-05T05:31:57,2021-08-05T18:33:05
2021-08-06,33.9,64.2,0.0,0.0,20.5,263.8,60.0,253.9,Partially cloudy,998.7,2021-08-06T05:32:19,2021-08-06T18:32:30
2021-08-07,34.2,61.8,0.0,0.0,14.8,240.6,68.7,259.1,Partially cloudy,999.9,2021-08-07T05:32:40,2021-08-07T18:31:55
2021-08-08,30.6,86.0,6.2,8.33,14.8,70.5,68.7,250.8,"Rain, Partially cloudy",1001.3,2021-08-08T05:33:01,2021-08-08T18:31:18
2021-08-09,30.1,86.6,9.1,12.5,13.0,78.4,76.5,160.5,"Rain, Partially cloudy",1001.7,2021-08-09T05:33:22,2021-08-09T18:30:41
2021-08-10,27.4,92.0,22.905,16.67,24.1,132.8,86.5,116.2,"Rain, Partially cloudy",1002.3,2021-08-10T05:33:42,2021-08-10T18:30:02
2021-08-11,27.3,93.1,24.671,12.5,20.5,109.6,78.3,125.0,"Rain, Partially cloudy",1004.8,2021-08-11T05:34:03,2021-08-11T18:29:23
2021-08-12,27.3,91.8,49.126,8.33,16.6,75.5,77.7,206.9,"Rain, Partially cloudy",1006.0,2021-08-12T05:34:23,2021-08-12T18:28:43
2021-08-13,29.8,81.1,0.983,4.17,14.8,113.9,80.7,214.4,"Rain, Partially cloudy",1002.1,2021-08-13T05:34:43,2021-08-13T18:28:02
2021-08-14,30.0,80.6,0.004,8.33,16.6,132.1,70.4,185.5,"Rain, Partially cloudy",1000.9,2021-08-14T05:35:02,2021-08-14T18:27:20
2021-08-15,28.3,92.5,0.098,4.17,14.8,88.1,78.4,195.1,"Rain, Partially cloudy",1005.3,2021-08-15T05:35:21,2021-08-15T18:26:37
2021-08-16,30.2,81.2,3.6,37.5,16.6,108.3,49.5,222.0,"Rain, Partially cloudy",1008.7,2021-08-16T05:35:41,2021-08-16T18:25:54
2021-08-17,30.4,75.6,0.2,8.33,24.1,240.5,49.8,243.8,"Rain, Partially cloudy",1008.4,2021-08-17T05:35:59,2021-08-17T18:25:10
2021-08-18,29.2,80.4,0.588,4.17,24.1,130.5,66.1,261.4,"Rain, Partially cloudy",1006.3,2021-08-18T05:36:18,2021-08-18T18:24:25
2021-08-19,29.6,78.7,24.563,4.17,16.6,115.2,62.1,130.1,"Rain, Partially cloudy",1006.2,2021-08-19T05:36:36,2021-08-19T18:23:39
2021-08-20,30.5,80.3,0.052,4.17,16.6,132.7,42.4,224.9,"Rain, Partially cloudy",1007.5,2021-08-20T05:36:54,2021-08-20T18:22:53
2021-08-21,31.3,78.3,0.0,0.0,20.5,135.6,51.8,262.4,Partially cloudy,1006.4,2021-08-21T05:37:12,2021-08-21T18:22:06
2021-08-22,31.1,84.7,0.0,0.0,22.3,120.5,49.2,267.0,Partially cloudy,1004.2,2021-08-22T05:37:29,2021-08-22T18:21:18
2021-08-23,28.9,90.6,3.2,20.83,18.4,102.8,75.4,260.2,"Rain, Partially cloudy",1003.2,2021-08-23T05:37:47,2021-08-23T18:20:30
2021-08-24,30.4,85.2,5.7,33.33,20.5,106.0,69.8,205.4,"Rain, Partially cloudy",1003.6,2021-08-24T05:38:04,2021-08-24T18:19:40
2021-08-25,29.9,85.6,8.843,8.33,22.3,114.6,48.1,205.0,"Rain, Partially cloudy",1005.3,2021-08-25T05:38:21,2021-08-25T18:18:51
2021-08-26,28.8,86.9,32.735,8.33,16.6,92.8,61.1,171.5,"Rain, Partially cloudy",1008.1,2021-08-26T05:38:37,2021-08-26T18:18:01
2021-08-27,27.8,89.7,75.847,12.5,13.0,20.9,72.2,139.2,"Rain, Partially cloudy",1009.5,2021-08-27T05:38:54,2021-08-27T18:17:10
2021-08-28,27.7,86.9,16.826,8.33,22.3,114.7,67.5,135.7,"Rain, Partially cloudy",1009.5,2021-08-28T05:39:10,2021-08-28T18:16:19
2021-08-29,28.4,79.6,0.003,4.17,18.4,93.7,46.6,246.4,"Rain, Partially cloudy",1009.7,2021-08-29T05:39:26,2021-08-29T18:15:27
2021-08-30,28.8,80.5,1.1,29.17,16.6,106.5,61.0,213.9,"Rain, Partially cloudy",1009.9,2021-08-30T05:39:42,2021-08-30T18:14:34
2021-08-31,29.5,80.4,9.825,4.17,16.6,111.3,49.7,216.6,"Rain, Partially cloudy",1009.7,2021-08-31T05:39:57,2021-08-31T18:13:42
2021-09-01,29.8,77.8,18.668,4.17,14.8,76.3,34.7,232.9,"Rain, Partially cloudy",1008.5,2021-09-01T05:40:13,2021-09-01T18:12:48
2021-09-02,28.6,85.6,1.042,4.17,13.0,116.6,65.3,127.4,"Rain, Partially cloudy",1007.5,2021-09-02T05:40:28,2021-09-02T18:11:55
2021-09-03,29.7,80.1,1.965,4.17,18.4,99.6,53.2,218.8,"Rain, Partially cloudy",1005.4,2021-09-03T05:40:43,2021-09-03T18:11:01
2021-09-04,29.9,79.7,9.139,8.33,18.4,106.2,51.6,174.6,"Rain, Partially cloudy",1005.4,2021-09-04T05:40:58,2021-09-04T18:10:06
2021-09-05,28.3,86.3,37.76,8.33,13.0,104.6,61.6,154.5,"Rain, Partially cloudy",1008.2,2021-09-05T05:41:13,2021-09-05T18:09:12
2021-09-06,29.2,78.6,0.005,4.17,13.0,325.7,49.7,211.0,"Rain, Partially cloudy",1010.3,2021-09-06T05:41:28,2021-09-06T18:08:17
2021-09-07,27.2,91.3,0.21,4.17,18.4,288.4,60.0,123.8,"Rain, Partially cloudy",1010.0,2021-09-07T05:41:43,2021-09-07T18:07:21
2021-09-08,27.3,89.2,14.22,12.5,31.7,348.4,62.9,107.6,"Rain, Partially cloudy",1008.6,2021-09-08T05:41:57,2021-09-08T18:06:25
2021-09-09,27.6,89.1,58.332,12.5,16.6,258.5,67.0,162.6,"Rain, Partially cloudy",1009.7,2021-09-09T05:42:12,2021-09-09T18:05:30
2021-09-10,29.2,79.5,0.0,0.0,14.8,291.4,47.1,264.8,Partially cloudy,1008.7,2021-09-10T05:42:26,2021-09-10T18:04:33
2021-09-11,30.3,72.7,0.0,0.0,16.2,274.8,59.5,256.8,Partially cloudy,1005.4,2021-09-11T05:42:40,2021-09-11T18:03:37
2021-09-12,31.2,73.6,0.0,0.0,10.6,102.7,23.0,268.5,Partially cloudy,1002.5,2021-09-12T05:42:55,2021-09-12T18:02:40
2021-09-13,28.9,87.5,0.103,8.33,24.1,18.7,39.8,154.8,"Rain, Partially cloudy",1005.7,2021-09-13T05:43:09,2021-09-13T18:01:44
2021-09-14,26.2,94.1,12.339,8.33,13.0,340.0,73.3,86.8,"Rain, Partially cloudy",1010.0,2021-09-14T05:43:23,2021-09-14T18:00:47
2021-09-15,26.5,94.5,30.825,8.33,11.2,348.6,81.0,94.4,"Rain, Partially cloudy",1011.5,2021-09-15T05:43:38,2021-09-15T17:59:50
2021-09-16,27.8,90.5,5.541,8.33,16.6,100.6,77.2,157.4,"Rain, Partially cloudy",1010.2,2021-09-16T05:43:52,2021-09-16T17:58:53
2021-09-17,27.7,90.8,0.28,8.33,16.6,103.8,71.3,169.4,"Rain, Partially cloudy",1008.8,2021-09-17T05:44:06,2021-09-17T17:57:56
2021-09-18,28.9,81.1,2.948,4.17,16.6,130.4,60.3,209.0,"Rain, Partially cloudy",1009.1,2021-09-18T05:44:20,2021-09-18T17:56:59
2021-09-19,30.0,76.3,0.0,0.0,18.4,125.8,36.3,238.6,Partially cloudy,1009.3,2021-09-19T05:44:35,2021-09-19T17:56:01
2021-09-20,28.5,83.1,0.105,4.17,18.4,344.8,49.1,198.4,"Rain, Partially cloudy",1009.9,2021-09-20T05:44:49,2021-09-20T17:55:04
2021-09-21,29.1,72.8,0.439,8.33,9.5,80.9,48.6,240.1,"Rain, Partially cloudy",1009.3,2021-09-21T05:45:04,2021-09-21T17:54:07
2021-09-22,27.9,88.6,2.002,8.33,14.8,83.5,56.9,152.8,"Rain, Partially cloudy",1009.1,2021-09-22T05:45:18,2021-09-22T17:53:10
2021-09-23,27.9,86.1,0.511,8.33,20.5,338.3,62.6,142.7,"Rain, Partially cloudy",1011.1,2021-09-23T05:45:33,2021-09-23T17:52:13
2021-09-24,26.3,95.5,17.535,12.5,9.4,8.3,63.4,75.4,"Rain, Partially cloudy",1011.5,2021-09-24T05:45:48,2021-09-24T17:51:16
2021-09-25,26.0,93.8,89.443,16.67,27.7,0.3,83.9,95.9,"Rain, Partially cloudy",1011.3,2021-09-25T05:46:03,2021-09-25T17:50:20
2021-09-26,26.2,94.5,34.791,16.67,14.8,270.5,65.8,115.1,"Rain, Partially cloudy",1011.7,2021-09-26T05:46:18,2021-09-26T17:49:23
2021-09-27,27.4,84.6,5.752,12.5,9.4,289.0,58.4,147.8,"Rain, Partially cloudy",1011.2,2021-09-27T05:46:34,2021-09-27T17:48:27
2021-09-28,29.0,75.8,0.0,0.0,14.8,185.3,22.0,234.3,Partially cloudy,1009.7,2021-09-28T05:46:49,2021-09-28T17:47:31
2021-09-29,29.3,77.4,0.0,0.0,14.8,109.4,28.2,244.3,Partially cloudy,1008.3,2021-09-29T05:47:05,2021-09-29T17:46:35
2021-09-30,29.8,76.2,0.1,4.17,14.8,111.3,21.1,238.1,"Rain, Partially cloudy",1008.3,2021-09-30T05:47:21,2021-09-30T17:45:39
2021-10-01,29.7,78.5,0.6,8.33,14.8,113.9,34.3,204.4,"Rain, Partially cloudy",1008.4,2021-10-01T05:47:37,2021-10-01T17:44:44
2021-10-02,26.6,94.1,7.9,41.67,14.8,354.5,47.1,125.7,"Rain, Partially cloudy",1009.5,2021-10-02T05:47:53,2021-10-02T17:43:49
2021-10-03,28.3,84.6,0.1,4.17,14.8,112.0,24.7,227.6,"Rain, Partially cloudy",1010.1,2021-10-03T05:48:10,2021-10-03T17:42:54
2021-10-04,27.4,89.4,8.021,12.5,24.1,322.3,40.3,221.2,"Rain, Partially cloudy",1011.1,2021-10-04T05:48:27,2021-10-04T17:42:00
2021-10-05,28.8,77.0,0.343,16.67,14.8,86.1,66.1,146.9,"Rain, Partially cloudy",1010.8,2021-10-05T05:48:44,2021-10-05T17:41:06
2021-10-06,29.3,77.7,0.175,8.33,9.6,315.9,34.6,224.6,"Rain, Partially cloudy",1007.8,2021-10-06T05:49:02,2021-10-06T17:40:12
2021-10-07,29.6,76.6,0.2,8.33,13.0,324.5,25.0,219.6,"Rain, Partially cloudy",1005.2,2021-10-07T05:49:20,2021-10-07T17:39:19
2021-10-08,30.2,60.7,0.0,0.0,20.5,346.8,59.9,192.5,Partially cloudy,1004.2,2021-10-08T05:49:38,2021-10-08T17:38:27
2021-10-09,26.5,78.2,9.129,12.5,14.8,340.2,63.5,45.5,"Rain, Partially cloudy",1004.2,2021-10-09T05:49:57,2021-10-09T17:37:35
2021-10-10,23.9,98.6,86.598,25.0,20.5,318.5,97.5,21.8,"Rain, Overcast",1002.9,2021-10-10T05:50:16,2021-10-10T17:36:43
2021-10-11,23.5,96.1,102.811,16.67,22.3,15.1,93.3,24.5,"Rain, Overcast",1008.0,2021-10-11T05:50:35,2021-10-11T17:35:52
2021-10-12,25.1,66.2,0.0,0.0,20.7,1.7,45.4,219.2,Partially cloudy,1009.4,2021-10-12T05:50:55,2021-10-12T17:35:02
2021-10-13,24.3,74.6,5.192,8.33,18.4,340.6,96.9,94.4,"Rain, Overcast",1005.9,2021-10-13T05:51:15,2021-10-13T17:34:12
2021-10-14,22.8,90.1,13.156,25.0,24.1,6.8,92.5,28.6,"Rain, Overcast",1006.0,2021-10-14T05:51:35,2021-10-14T17:33:23
2021-10-15,21.4,98.8,33.419,16.67,14.8,333.0,99.5,28.7,"Rain, Overcast",1011.1,2021-10-15T05:51:56,2021-10-15T17:32:35
2021-10-16,21.4,92.8,51.199,16.67,20.5,347.1,96.9,30.4,"Rain, Overcast",1016.5,2021-10-16T05:52:18,2021-10-16T17:31:47
2021-10-17,21.2,71.9,3.056,8.33,22.3,1.5,74.1,131.3,"Rain, Partially cloudy",1019.9,2021-10-17T05:52:40,2021-10-17T17:31:00
2021-10-18,19.2,95.3,14.771,12.5,11.2,337.0,99.2,27.7,"Rain, Overcast",1018.9,2021-10-18T05:53:02,2021-10-18T17:30:14
2021-10-19,22.0,95.7,2.985,8.33,9.4,51.4,97.7,77.0,"Rain, Overcast",1017.4,2021-10-19T05:53:25,2021-10-19T17:29:28
2021-10-20,26.2,88.1,0.0,0.0,16.6,119.3,72.0,187.6,Partially cloudy,1013.8,2021-10-20T05:53:48,2021-10-20T17:28:44
2021-10-21,22.7,88.3,12.0,25.0,33.5,37.2,92.5,88.8,"Rain, Overcast",1015.2,2021-10-21T05:54:12,2021-10-21T17:28:00
2021-10-22,20.1,70.8,0.007,4.17,18.4,22.6,93.7,62.2,"Rain, Overcast",1020.8,2021-10-22T05:54:36,2021-10-22T17:27:17
2021-10-23,21.0,65.0,0.0,0.0,14.8,1.1,60.9,145.4,Partially cloudy,1021.4,2021-10-23T05:55:01,2021-10-23T17:26:34
2021-10-24,21.6,68.9,0.0,0.0,13.0,338.2,31.3,193.7,Partially cloudy,1020.3,2021-10-24T05:55:26,2021-10-24T17:25:53
2021-10-25,22.3,74.0,0.0,0.0,16.6,6.4,9.5,222.8,Clear,1017.2,2021-10-25T05:55:52,2021-10-25T17:25:13
2021-10-26,23.1,77.0,0.0,0.0,11.2,58.7,17.3,163.1,Clear,1015.7,2021-10-26T05:56:18,2021-10-26T17:24:33
2021-10-27,24.8,71.1,0.0,0.0,13.0,10.6,24.2,203.1,Partially cloudy,1016.4,2021-10-27T05:56:45,2021-10-27T17:23:55
2021-10-28,22.7,84.5,40.371,12.5,13.0,346.6,84.7,31.0,"Rain, Partially cloudy",1017.3,2021-10-28T05:57:12,2021-10-28T17:23:18
2021-10-29,21.6,98.7,18.053,16.67,9.4,342.7,96.5,43.9,"Rain, Overcast",1017.7,2021-10-29T05:57:40,2021-10-29T17:22:41
2021-10-30,20.1,98.0,34.427,12.5,18.4,359.3,100.0,21.0,"Rain, Overcast",1018.7,2021-10-30T05:58:08,2021-10-30T17:22:06
2021-10-31,20.7,97.7,1.0,12.5,9.4,3.4,95.9,34.6,"Rain, Overcast",1017.6,2021-10-31T05:58:37,2021-10-31T17:21:31
2021-11-01,21.2,97.6,4.948,12.5,13.0,8.3,93.4,29.8,"Rain, Overcast",1017.5,2021-11-01T05:59:06,2021-11-01T17:20:58
2021-11-02,21.8,97.7,3.93,8.33,13.0,7.1,98.1,40.8,"Rain, Overcast",1017.3,2021-11-02T05:59:36,2021-11-02T17:20:26
2021-11-03,23.4,92.1,0.098,4.17,13.0,54.1,77.5,96.9,"Rain, Partially cloudy",1015.4,2021-11-03T06:00:07,2021-11-03T17:19:55
2021-11-04,26.3,81.8,0.0,0.0,18.4,128.3,42.7,138.9,Partially cloudy,1012.5,2021-11-04T06:00:38,2021-11-04T17:19:25
2021-11-05,26.5,84.7,0.0,0.0,16.6,133.4,60.9,169.9,Partially cloudy,1010.2,2021-11-05T06:01:09,2021-11-05T17:18:57
2021-11-06,26.4,89.5,0.0,0.0,14.8,127.0,71.0,141.3,Partially cloudy,1008.0,2021-11-06T06:01:41,2021-11-06T17:18:29
2021-11-07,26.8,89.4,0.052,4.17,14.8,104.2,69.0,145.7,"Rain, Partially cloudy",1011.0,2021-11-07T06:02:14,2021-11-07T17:18:03
2021-11-08,20.1,62.8,0.76,8.33,33.5,2.0,90.6,48.4,"Rain, Overcast",1019.9,2021-11-08T06:02:47,2021-11-08T17:17:38
2021-11-09,20.1,49.2,0.0,0.0,14.8,14.0,42.4,193.2,Partially cloudy,1020.3,2021-11-09T06:03:20,2021-11-09T17:17:14
2021-11-10,20.7,46.9,0.0,0.0,14.0,0.5,32.9,197.0,Partially cloudy,1020.1,2021-11-10T06:03:54,2021-11-10T17:16:51
2021-11-11,20.8,64.0,0.0,0.0,9.5,22.2,25.8,212.6,Partially cloudy,1017.3,2021-11-11T06:04:29,2021-11-11T17:16:30
2021-11-12,21.9,59.4,0.0,0.0,18.4,356.1,76.2,120.7,Partially cloudy,1019.2,2021-11-12T06:05:04,2021-11-12T17:16:10
2021-11-13,21.2,56.6,0.0,0.0,16.6,341.2,51.2,157.4,Partially cloudy,1019.4,2021-11-13T06:05:39,2021-11-13T17:15:51
2021-11-14,21.2,67.6,0.0,0.0,13.0,350.9,19.1,197.9,Clear,1017.8,2021-11-14T06:06:15,2021-11-14T17:15:34
2021-11-15,22.1,73.0,0.0,0.0,16.6,101.3,53.5,147.8,Partially cloudy,1015.7,2021-11-15T06:06:51,2021-11-15T17:15:18
2021-11-16,21.3,86.0,0.098,4.17,9.4,353.9,95.4,44.3,"Rain, Overcast",1015.7,2021-11-16T06:07:27,2021-11-16T17:15:03
2021-11-17,21.0,85.2,0.393,4.17,16.6,7.0,95.8,36.6,"Rain, Overcast",1017.3,2021-11-17T06:08:04,2021-11-17T17:14:49
2021-11-18,20.1,65.2,0.0,0.0,14.8,3.3,59.3,110.0,Partially cloudy,1016.0,2021-11-18T06:08:41,2021-11-18T17:14:37
2021-11-19,20.1,83.5,0.0,0.0,13.0,72.9,84.9,137.4,Partially cloudy,1010.6,2021-11-19T06:09:19,2021-11-19T17:14:27
2021-11-20,23.2,88.7,0.787,8.33,11.2,176.1,87.4,88.5,"Rain, Partially cloudy",1009.0,2021-11-20T06:09:56,2021-11-20T17:14:17
2021-11-21,26.2,82.1,0.098,4.17,14.8,138.9,65.7,137.4,"Rain, Partially cloudy",1011.7,2021-11-21T06:10:34,2021-11-21T17:14:09
2021-11-22,20.8,68.1,1.349,8.33,27.7,19.9,84.3,52.9,"Rain, Partially cloudy",1018.0,2021-11-22T06:11:13,2021-11-22T17:14:02
2021-11-23,18.2,57.2,0.0,0.0,20.5,10.0,84.9,101.8,Partially cloudy,1022.1,2021-11-23T06:11:51,2021-11-23T17:13:57
2021-11-24,18.6,60.6,0.0,0.0,19.1,347.6,81.1,112.2,Partially cloudy,1021.8,2021-11-24T06:12:30,2021-11-24T17:13:53
2021-11-25,18.1,75.4,0.0,0.0,9.6,302.6,38.5,167.5,Partially cloudy,1019.8,2021-11-25T06:13:09,2021-11-25T17:13:51
2021-11-26,19.6,74.3,0.3,12.5,13.0,315.5,25.8,163.0,"Rain, Partially cloudy",1019.3,2021-11-26T06:13:48,2021-11-26T17:13:50
2021-11-27,21.2,65.2,0.0,0.0,14.8,7.8,23.2,182.7,Partially cloudy,1020.2,2021-11-27T06:14:27,2021-11-27T17:13:50
2021-11-28,20.4,70.7,0.0,0.0,10.0,325.3,29.9,195.2,Partially cloudy,1019.7,2021-11-28T06:15:06,2021-11-28T17:13:51
2021-11-29,21.7,70.4,0.0,0.0,9.8,336.8,43.3,181.0,Partially cloudy,1018.1,2021-11-29T06:15:45,2021-11-29T17:13:54
2021-11-30,22.0,58.4,0.0,0.0,22.3,358.3,45.2,139.9,Partially cloudy,1020.7,2021-11-30T06:16:24,2021-11-30T17:13:59
2021-12-01,19.8,56.6,0.0,0.0,14.8,16.7,33.0,202.4,Partially cloudy,1021.9,2021-12-01T06:17:03,2021-12-01T17:14:04
2021-12-02,17.3,60.8,0.0,0.0,13.0,3.0,15.4,196.1,Clear,1022.6,2021-12-02T06:17:43,2021-12-02T17:14:11
2021-12-03,17.1,70.6,0.0,0.0,13.0,333.0,8.1,201.0,Clear,1022.5,2021-12-03T06:18:21,2021-12-03T17:14:20
2021-12-04,17.5,64.8,0.0,0.0,7.6,341.9,3.5,198.1,Clear,1022.0,2021-12-04T06:19:00,2021-12-04T17:14:29
2021-12-05,17.8,67.6,0.0,0.0,12.0,319.3,0.2,192.3,Clear,1021.7,2021-12-05T06:19:39,2021-12-05T17:14:40
2021-12-06,18.0,69.5,0.0,0.0,11.2,355.8,0.3,195.9,Clear,1020.9,2021-12-06T06:20:17,2021-12-06T17:14:53
2021-12-07,17.7,67.4,0.0,0.0,11.2,95.7,0.0,194.8,Clear,1020.8,2021-12-07T06:20:56,2021-12-07T17:15:06
2021-12-08,18.7,73.6,0.1,4.17,7.6,336.5,47.9,145.5,"Rain, Partially cloudy",1021.4,2021-12-08T06:21:33,2021-12-08T17:15:21
2021-12-09,19.7,79.9,0.7,20.83,11.2,302.0,70.2,64.9,"Rain, Partially cloudy",1022.4,2021-12-09T06:22:11,2021-12-09T17:15:37
2021-12-10,20.8,81.5,0.0,0.0,16.6,131.9,33.6,118.1,Partially cloudy,1019.7,2021-12-10T06:22:48,2021-12-10T17:15:54
2021-12-11,21.4,78.1,0.0,0.0,14.8,120.2,37.7,97.9,Partially cloudy,1019.8,2021-12-11T06:23:25,2021-12-11T17:16:13
2021-12-12,20.9,76.9,0.002,4.17,22.3,12.4,43.5,145.4,"Rain, Partially cloudy",1021.8,2021-12-12T06:24:01,2021-12-12T17:16:32
2021-12-13,18.4,63.4,0.0,0.0,18.4,6.8,53.3,125.1,Partially cloudy,1022.5,2021-12-13T06:24:37,2021-12-13T17:16:53
2021-12-14,18.2,76.7,0.0,0.0,11.2,64.7,20.4,176.2,Partially cloudy,1018.1,2021-12-14T06:25:13,2021-12-14T17:17:15
2021-12-15,18.9,91.0,0.0,0.0,9.4,76.1,47.9,122.8,Partially cloudy,1014.9,2021-12-15T06:25:48,2021-12-15T17:17:38
2021-12-16,21.3,83.5,0.1,4.17,7.6,325.9,32.6,73.3,"Rain, Partially cloudy",1015.3,2021-12-16T06:26:22,2021-12-16T17:18:02
2021-12-17,21.9,72.1,0.0,0.0,18.4,10.9,43.0,96.3,Partially cloudy,1019.3,2021-12-17T06:26:55,2021-12-17T17:18:27
2021-12-18,19.3,54.1,0.0,0.0,18.4,18.9,44.8,142.9,Partially cloudy,1022.5,2021-12-18T06:27:28,2021-12-18T17:18:53
2021-12-19,18.2,51.2,0.0,0.0,20.5,357.1,48.7,156.3,Partially cloudy,1021.9,2021-12-19T06:28:01,2021-12-19T17:19:21
2021-12-20,19.3,59.6,0.0,0.0,16.6,36.7,92.2,78.4,Overcast,1017.8,2021-12-20T06:28:32,2021-12-20T17:19:49
2021-12-21,18.9,67.9,0.0,0.0,13.0,339.3,42.0,168.5,Partially cloudy,1017.4,2021-12-21T06:29:03,2021-12-21T17:20:18
2021-12-22,19.1,72.2,0.0,0.0,16.6,83.9,18.4,174.2,Clear,1016.9,2021-12-22T06:29:33,2021-12-22T17:20:48
2021-12-23,19.6,72.8,0.0,0.0,13.0,121.9,5.6,180.2,Clear,1015.7,2021-12-23T06:30:02,2021-12-23T17:21:19
2021-12-24,20.1,81.2,0.3,12.5,13.0,51.4,47.3,90.3,"Rain, Partially cloudy",1016.3,2021-12-24T06:30:30,2021-12-24T17:21:50
2021-12-25,20.9,82.3,2.2,33.33,14.8,70.4,39.5,81.1,"Rain, Partially cloudy",1018.9,2021-12-25T06:30:57,2021-12-25T17:22:23
2021-12-26,18.2,77.0,1.2,16.67,22.3,48.9,75.5,36.2,"Rain, Partially cloudy",1022.5,2021-12-26T06:31:24,2021-12-26T17:22:56
2021-12-27,13.3,69.7,0.017,4.17,24.1,30.6,97.0,34.8,"Rain, Overcast",1026.7,2021-12-27T06:31:49,2021-12-27T17:23:30
2021-12-28,13.9,72.4,0.0,0.0,13.0,12.2,85.8,77.7,Partially cloudy,1024.8,2021-12-28T06:32:13,2021-12-28T17:24:05
2021-12-29,15.2,77.6,0.1,4.17,14.8,17.1,99.0,49.9,"Rain, Overcast",1024.2,2021-12-29T06:32:37,2021-12-29T17:24:40
2021-12-30,16.0,69.7,0.006,8.33,16.6,6.9,98.1,59.5,"Rain, Overcast",1025.8,2021-12-30T06:32:59,2021-12-30T17:25:16
2021-12-31,15.1,85.3,0.395,8.33,14.8,12.4,86.6,55.2,"Rain, Partially cloudy",1025.0,2021-12-31T06:33:20,2021-12-31T17:25:53
2022-01-01,16.2,80.8,0.0,0.0,14.8,8.6,87.3,67.6,Partially cloudy,1024.3,2022-01-01T06:33:40,2022-01-01T17:26:30
2022-01-02,17.4,73.7,0.0,0.0,11.2,358.2,61.4,149.0,Partially cloudy,1022.8,2022-01-02T06:33:59,2022-01-02T17:27:07
2022-01-03,16.7,84.7,0.0,0.0,7.6,338.1,57.8,117.4,Partially cloudy,1020.3,2022-01-03T06:34:17,2022-01-03T17:27:45
2022-01-04,20.2,75.4,0.0,0.0,20.5,123.3,55.2,102.5,Partially cloudy,1017.7,2022-01-04T06:34:34,2022-01-04T17:28:24
2022-01-05,20.4,83.2,0.4,12.5,14.8,105.8,46.0,70.9,"Rain, Partially cloudy",1016.2,2022-01-05T06:34:49,2022-01-05T17:29:03
2022-01-06,21.4,81.3,0.9,20.83,17.2,121.5,44.5,82.6,"Rain, Partially cloudy",1017.1,2022-01-06T06:35:04,2022-01-06T17:29:42
2022-01-07,21.0,78.0,1.6,37.5,22.3,127.2,71.0,81.6,"Rain, Partially cloudy",1019.1,2022-01-07T06:35:17,2022-01-07T17:30:22
2022-01-08,19.9,80.0,0.7,20.83,20.5,100.6,85.4,46.9,"Rain, Partially cloudy",1017.9,2022-01-08T06:35:29,2022-01-08T17:31:01
2022-01-09,14.9,85.8,1.871,12.5,20.5,28.2,96.8,31.5,"Rain, Overcast",1017.7,2022-01-09T06:35:39,2022-01-09T17:31:41
2022-01-10,14.6,92.0,0.303,8.33,14.8,17.0,99.5,48.7,"Rain, Overcast",1017.1,2022-01-10T06:35:48,2022-01-10T17:32:22
2022-01-11,17.4,63.3,1.017,4.17,18.4,20.2,30.7,114.5,"Rain, Partially cloudy",1020.9,2022-01-11T06:35:56,2022-01-11T17:33:02
2022-01-12,17.0,77.0,0.0,0.0,13.0,98.9,82.6,123.2,Partially cloudy,1019.3,2022-01-12T06:36:03,2022-01-12T17:33:43
2022-01-13,16.0,80.0,0.214,4.17,18.4,24.9,89.8,35.5,"Rain, Partially cloudy",1021.0,2022-01-13T06:36:09,2022-01-13T17:34:23
2022-01-14,16.5,80.3,0.0,0.0,9.4,61.9,60.0,93.1,Partially cloudy,1018.7,2022-01-14T06:36:13,2022-01-14T17:35:04
2022-01-15,18.1,87.8,0.1,4.17,9.8,304.8,57.8,80.6,"Rain, Partially cloudy",1017.2,2022-01-15T06:36:15,2022-01-15T17:35:45
2022-01-16,19.5,87.0,0.198,8.33,24.1,39.4,69.6,122.5,"Rain, Partially cloudy",1017.7,2022-01-16T06:36:17,2022-01-16T17:36:26
2022-01-17,14.7,84.9,22.843,16.67,20.5,9.4,77.1,24.1,"Rain, Partially cloudy",1021.6,2022-01-17T06:36:17,2022-01-17T17:37:06
2022-01-18,17.6,67.7,0.002,4.17,14.8,351.9,19.4,122.3,Rain,1021.7,2022-01-18T06:36:16,2022-01-18T17:37:47
2022-01-19,17.3,72.9,0.0,0.0,13.0,55.1,23.2,172.1,Partially cloudy,1019.4,2022-01-19T06:36:13,2022-01-19T17:38:28
2022-01-20,16.5,84.7,2.643,12.5,27.7,98.3,73.2,122.3,"Rain, Partially cloudy",1017.0,2022-01-20T06:36:09,2022-01-20T17:39:08
2022-01-21,16.3,94.2,6.951,12.5,11.2,31.2,94.9,27.9,"Rain, Overcast",1015.5,2022-01-21T06:36:04,2022-01-21T17:39:48
2022-01-22,18.4,93.3,5.804,4.17,11.2,88.7,94.9,67.3,"Rain, Overcast",1011.1,2022-01-22T06:35:57,2022-01-22T17:40:29
2022-01-23,20.6,89.4,0.199,8.33,11.2,191.8,80.2,95.1,"Rain, Partially cloudy",1010.6,2022-01-23T06:35:50,2022-01-23T17:41:08
2022-01-24,22.6,84.5,0.6,16.67,18.4,133.0,67.3,144.0,"Rain, Partially cloudy",1011.6,2022-01-24T06:35:40,2022-01-24T17:41:48
2022-01-25,20.7,89.0,0.005,4.17,20.5,127.0,92.3,63.9,"Rain, Overcast",1013.8,2022-01-25T06:35:30,2022-01-25T17:42:27
2022-01-26,20.7,91.7,0.197,4.17,18.4,126.9,91.0,68.8,"Rain, Overcast",1014.0,2022-01-26T06:35:18,2022-01-26T17:43:07
2022-01-27,22.2,87.8,2.4,45.83,20.5,118.2,85.9,108.0,"Rain, Partially cloudy",1014.0,2022-01-27T06:35:05,2022-01-27T17:43:45
2022-01-28,22.5,82.8,0.8,25.0,22.3,119.1,88.4,104.0,"Rain, Partially cloudy",1013.3,2022-01-28T06:34:50,2022-01-28T17:44:24
2022-01-29,16.9,87.4,0.997,8.33,33.5,64.1,95.8,27.4,"Rain, Overcast",1013.1,2022-01-29T06:34:35,2022-01-29T17:45:02
2022-01-30,13.1,73.0,0.303,8.33,20.5,34.8,100.0,35.4,"Rain, Overcast",1017.1,2022-01-30T06:34:18,2022-01-30T17:45:40
2022-01-31,12.5,77.8,0.793,4.17,16.6,18.3,99.5,32.1,"Rain, Overcast",1018.8,2022-01-31T06:33:59,2022-01-31T17:46:17
2022-02-01,13.0,71.2,0.5,16.67,14.8,16.4,98.9,47.9,"Rain, Overcast",1019.2,2022-02-01T06:33:40,2022-02-01T17:46:54
2022-02-02,12.5,78.1,0.8,20.83,14.8,11.9,100.0,35.1,"Rain, Overcast",1020.1,2022-02-02T06:33:19,2022-02-02T17:47:31
2022-02-03,14.0,64.8,0.1,4.17,14.8,357.7,99.1,104.1,"Rain, Overcast",1020.6,2022-02-03T06:32:57,2022-02-03T17:48:07
2022-02-04,15.5,66.0,0.0,0.0,13.0,349.5,80.4,129.1,Partially cloudy,1022.3,2022-02-04T06:32:34,2022-02-04T17:48:43
2022-02-05,15.1,66.6,0.786,4.17,16.6,25.3,53.9,96.6,"Rain, Partially cloudy",1022.8,2022-02-05T06:32:09,2022-02-05T17:49:18
2022-02-06,12.8,94.6,15.791,12.5,11.2,49.8,100.0,25.0,"Rain, Overcast",1019.4,2022-02-06T06:31:44,2022-02-06T17:49:53
2022-02-07,16.5,88.0,0.198,4.17,8.0,13.4,95.5,128.8,"Rain, Overcast",1014.9,2022-02-07T06:31:17,2022-02-07T17:50:27
2022-02-08,16.0,94.3,1.197,12.5,16.6,46.7,96.4,33.6,"Rain, Overcast",1015.8,2022-02-08T06:30:49,2022-02-08T17:51:01
2022-02-09,13.5,88.0,0.922,8.33,18.4,37.3,100.0,38.1,"Rain, Overcast",1018.3,2022-02-09T06:30:20,2022-02-09T17:51:34
2022-02-10,13.4,90.6,0.593,12.5,14.8,50.7,98.9,64.9,"Rain, Overcast",1016.2,2022-02-10T06:29:50,2022-02-10T17:52:07
2022-02-11,15.9,95.5,0.691,8.33,11.2,28.0,99.3,76.4,"Rain, Overcast",1015.2,2022-02-11T06:29:19,2022-02-11T17:52:40
2022-02-12,15.4,95.1,2.739,16.67,17.5,46.3,100.0,29.8,"Rain, Overcast",1014.3,2022-02-12T06:28:46,2022-02-12T17:53:12
2022-02-13,14.1,85.3,7.0,12.5,20.5,25.1,91.2,29.8,"Rain, Overcast",1015.1,2022-02-13T06:28:13,2022-02-13T17:53:43
2022-02-14,16.3,66.8,0.3,8.33,18.4,44.2,50.2,98.0,"Rain, Partially cloudy",1017.9,2022-02-14T06:27:39,2022-02-14T17:54:14
2022-02-15,16.6,83.5,0.1,4.17,11.2,44.1,99.5,59.6,"Rain, Overcast",1016.6,2022-02-15T06:27:03,2022-02-15T17:54:45
2022-02-16,16.3,95.2,1.214,8.33,9.4,37.5,99.9,39.2,"Rain, Overcast",1012.7,2022-02-16T06:26:27,2022-02-16T17:55:15
2022-02-17,18.5,94.3,0.1,8.33,7.6,57.5,95.8,104.5,"Rain, Overcast",1009.8,2022-02-17T06:25:50,2022-02-17T17:55:44
2022-02-18,20.7,96.2,0.601,12.5,18.4,101.2,94.0,37.9,"Rain, Overcast",1010.2,2022-02-18T06:25:11,2022-02-18T17:56:13
2022-02-19,13.2,89.2,31.087,16.67,27.7,31.6,95.8,22.2,"Rain, Overcast",1016.6,2022-02-19T06:24:32,2022-02-19T17:56:42
2022-02-20,9.0,87.2,39.895,16.67,22.3,12.6,96.4,16.3,"Rain, Overcast",1022.9,2022-02-20T06:23:52,2022-02-20T17:57:10
2022-02-21,11.0,69.3,0.4,4.17,18.4,5.8,71.1,96.4,"Rain, Partially cloudy",1023.9,2022-02-21T06:23:11,2022-02-21T17:57:37
2022-02-22,11.6,68.0,0.0,0.0,20.5,5.5,92.1,95.9,Overcast,1025.1,2022-02-22T06:22:30,2022-02-22T17:58:04
2022-02-23,13.6,56.2,0.0,0.0,18.4,356.0,18.9,239.8,Clear,1026.9,2022-02-23T06:21:47,2022-02-23T17:58:31
2022-02-24,14.5,59.8,0.0,0.0,14.8,57.2,18.1,237.4,Clear,1026.5,2022-02-24T06:21:04,2022-02-24T17:58:57
2022-02-25,15.2,70.0,0.0,0.0,14.8,104.6,15.3,218.4,Clear,1023.9,2022-02-25T06:20:20,2022-02-25T17:59:23
2022-02-26,17.0,72.8,0.0,0.0,11.2,61.2,75.9,210.9,Partially cloudy,1022.1,2022-02-26T06:19:35,2022-02-26T17:59:48
2022-02-27,18.8,73.9,0.0,0.0,9.4,264.0,76.0,163.1,Partially cloudy,1018.9,2022-02-27T06:18:50,2022-02-27T18:00:13
2022-02-28,19.9,76.7,0.0,0.0,16.6,112.3,63.9,197.0,Partially cloudy,1015.9,2022-02-28T06:18:04,2022-02-28T18:00:37
2022-03-01,20.7,79.9,0.5,20.83,13.0,100.1,83.5,66.6,"Rain, Partially cloudy",1016.4,2022-03-01T06:17:17,2022-03-01T18:01:01
2022-03-02,22.2,79.5,0.0,0.0,13.0,151.5,65.8,162.7,Partially cloudy,1016.6,2022-03-02T06:16:30,2022-03-02T18:01:25
2022-03-03,22.1,80.7,0.0,0.0,20.5,118.6,67.1,173.2,Partially cloudy,1014.2,2022-03-03T06:15:42,2022-03-03T18:01:48
2022-03-04,21.3,89.8,0.3,12.5,14.8,109.5,96.9,109.5,"Rain, Overcast",1012.8,2022-03-04T06:14:53,2022-03-04T18:02:11
2022-03-05,21.3,95.0,0.2,8.33,11.6,114.5,96.9,53.4,"Rain, Overcast",1011.7,2022-03-05T06:14:04,2022-03-05T18:02:33
2022-03-06,22.2,93.7,0.21,12.5,14.8,114.7,98.0,86.4,"Rain, Overcast",1011.5,2022-03-06T06:13:14,2022-03-06T18:02:56
2022-03-07,21.5,77.7,15.472,12.5,24.1,7.9,46.5,117.4,"Rain, Partially cloudy",1017.7,2022-03-07T06:12:24,2022-03-07T18:03:17
2022-03-08,20.5,69.8,0.0,0.0,22.3,124.5,16.4,259.2,Clear,1016.0,2022-03-08T06:11:34,2022-03-08T18:03:39
2022-03-09,19.6,77.7,0.1,4.17,22.3,105.3,77.2,110.7,"Rain, Partially cloudy",1013.9,2022-03-09T06:10:43,2022-03-09T18:04:00
2022-03-10,20.6,85.5,0.983,4.17,16.6,111.2,96.7,93.5,"Rain, Overcast",1013.8,2022-03-10T06:09:51,2022-03-10T18:04:21
2022-03-11,22.0,81.3,0.0,0.0,13.0,116.2,96.7,146.6,Overcast,1012.3,2022-03-11T06:08:59,2022-03-11T18:04:42
2022-03-12,22.7,82.0,0.3,12.5,18.4,124.9,79.0,82.7,"Rain, Partially cloudy",1011.1,2022-03-12T06:08:07,2022-03-12T18:05:02
2022-03-13,22.8,85.5,0.0,0.0,16.6,115.7,85.6,106.2,Partially cloudy,1011.0,2022-03-13T06:07:15,2022-03-13T18:05:22
2022-03-14,23.3,83.5,0.2,8.33,14.4,115.1,92.9,94.6,"Rain, Overcast",1011.0,2022-03-14T06:06:22,2022-03-14T18:05:42
2022-03-15,24.7,79.3,0.1,4.17,13.0,192.9,54.6,114.3,"Rain, Partially cloudy",1010.0,2022-03-15T06:05:29,2022-03-15T18:06:02
2022-03-16,23.5,88.0,0.239,12.5,20.5,120.2,76.8,139.2,"Rain, Partially cloudy",1008.6,2022-03-16T06:04:35,2022-03-16T18:06:21
2022-03-17,23.6,88.7,0.0,0.0,14.8,106.1,91.8,130.2,Overcast,1007.9,2022-03-17T06:03:42,2022-03-17T18:06:40
2022-03-18,24.9,84.3,0.098,4.17,16.8,115.7,71.4,106.9,"Rain, Partially cloudy",1008.4,2022-03-18T06:02:48,2022-03-18T18:06:59
2022-03-19,24.1,88.1,0.3,12.5,18.4,117.1,90.6,142.6,"Rain, Overcast",1006.7,2022-03-19T06:01:54,2022-03-19T18:07:18
2022-03-20,25.4,86.2,0.0,0.0,27.7,114.4,91.8,192.9,Overcast,1006.7,2022-03-20T06:01:00,2022-03-20T18:07:37
2022-03-21,25.6,89.3,0.0,0.0,18.4,107.5,90.6,183.0,Overcast,1007.7,2022-03-21T06:00:06,2022-03-21T18:07:56
2022-03-22,26.5,85.8,10.6,25.0,20.5,94.8,79.0,183.5,"Rain, Partially cloudy",1009.1,2022-03-22T05:59:12,2022-03-22T18:08:14
2022-03-23,19.9,83.1,5.982,8.33,31.7,40.9,99.0,33.7,"Rain, Overcast",1013.4,2022-03-23T05:58:17,2022-03-23T18:08:33
2022-03-24,18.7,88.3,4.92,4.17,16.6,101.7,99.5,81.7,"Rain, Overcast",1011.0,2022-03-24T05:57:23,2022-03-24T18:08:51
2022-03-25,22.4,88.0,0.197,4.17,13.0,110.5,94.5,189.0,"Rain, Overcast",1007.6,2022-03-25T05:56:29,2022-03-25T18:09:09
2022-03-26,26.4,83.2,0.0,0.0,16.6,84.5,50.7,261.1,Partially cloudy,1007.6,2022-03-26T05:55:34,2022-03-26T18:09:27
2022-03-27,23.1,75.6,0.884,4.17,27.7,44.8,76.0,67.2,"Rain, Partially cloudy",1012.8,2022-03-27T05:54:40,2022-03-27T18:09:46
2022-03-28,19.9,73.2,7.054,8.33,13.0,64.5,36.5,180.7,"Rain, Partially cloudy",1016.7,2022-03-28T05:53:46,2022-03-28T18:10:04
2022-03-29,20.2,82.7,0.2,4.17,13.0,89.1,85.7,111.8,"Rain, Partially cloudy",1014.8,2022-03-29T05:52:51,2022-03-29T18:10:22
2022-03-30,21.9,90.7,0.523,8.33,18.4,90.6,94.9,78.8,"Rain, Overcast",1013.6,2022-03-30T05:51:57,2022-03-30T18:10:40
2022-03-31,24.4,85.2,0.198,4.17,25.9,60.2,85.9,132.4,"Rain, Partially cloudy",1014.8,2022-03-31T05:51:03,2022-03-31T18:10:58
2022-04-01,18.5,84.1,43.581,16.67,31.7,347.3,89.4,41.2,"Rain, Partially cloudy",1021.5,2022-04-01T05:50:09,2022-04-01T18:11:16
2022-04-02,19.5,57.3,0.07,4.17,22.3,355.6,50.3,96.7,"Rain, Partially cloudy",1025.2,2022-04-02T05:49:16,2022-04-02T18:11:34
2022-04-03,20.4,54.9,0.0,0.0,16.6,24.5,7.1,255.6,Clear,1022.5,2022-04-03T05:48:22,2022-04-03T18:11:52
2022-04-04,21.4,56.3,0.0,0.0,16.6,119.8,9.3,292.4,Clear,1021.2,2022-04-04T05:47:29,2022-04-04T18:12:11
2022-04-05,22.0,62.9,0.0,0.0,11.2,255.8,5.6,288.9,Clear,1020.0,2022-04-05T05:46:36,2022-04-05T18:12:29
2022-04-06,23.8,67.2,0.0,0.0,11.2,311.5,17.0,271.0,Clear,1017.8,2022-04-06T05:45:44,2022-04-06T18:12:48
2022-04-07,26.1,59.6,0.0,0.0,14.8,289.1,20.7,274.2,Partially cloudy,1016.5,2022-04-07T05:44:51,2022-04-07T18:13:06
2022-04-08,25.1,61.1,0.0,0.0,13.0,125.6,3.3,293.2,Clear,1014.9,2022-04-08T05:43:59,2022-04-08T18:13:25
2022-04-09,24.3,69.4,0.0,0.0,20.5,116.5,3.9,298.0,Clear,1012.1,2022-04-09T05:43:08,2022-04-09T18:13:43
2022-04-10,24.4,73.4,0.0,0.0,18.4,117.0,57.6,264.0,Partially cloudy,1010.8,2022-04-10T05:42:16,2022-04-10T18:14:02
2022-04-11,23.2,87.7,0.4,16.67,14.8,111.2,71.5,119.0,"Rain, Partially cloudy",1010.0,2022-04-11T05:41:26,2022-04-11T18:14:21
2022-04-12,25.0,84.3,0.0,0.0,18.4,126.5,74.0,155.8,Partially cloudy,1006.6,2022-04-12T05:40:35,2022-04-12T18:14:40
2022-04-13,27.0,76.6,0.2,8.33,11.2,98.4,47.2,175.8,"Rain, Partially cloudy",1006.6,2022-04-13T05:39:45,2022-04-13T18:15:00
2022-04-14,26.8,78.8,0.1,4.17,20.5,116.8,42.8,174.6,"Rain, Partially cloudy",1006.8,2022-04-14T05:38:56,2022-04-14T18:15:19
2022-04-15,26.1,85.0,1.2,37.5,18.4,115.7,89.9,101.5,"Rain, Partially cloudy",1007.5,2022-04-15T05:38:07,2022-04-15T18:15:39
2022-04-16,23.9,87.3,6.139,16.67,25.9,80.7,97.4,74.0,"Rain, Overcast",1009.0,2022-04-16T05:37:18,2022-04-16T18:15:59
2022-04-17,18.2,89.2,0.873,8.33,20.5,24.3,99.5,36.7,"Rain, Overcast",1014.1,2022-04-17T05:36:30,2022-04-17T18:16:19
2022-04-18,19.2,79.6,10.822,12.5,18.4,17.2,70.0,89.8,"Rain, Partially cloudy",1017.8,2022-04-18T05:35:43,2022-04-18T18:16:39
2022-04-19,22.2,67.4,0.0,0.0,16.6,29.1,24.1,202.0,Partially cloudy,1017.6,2022-04-19T05:34:56,2022-04-19T18:16:59
2022-04-20,22.1,76.1,0.6,4.17,13.0,104.2,22.4,207.7,"Rain, Partially cloudy",1014.9,2022-04-20T05:34:10,2022-04-20T18:17:20
2022-04-21,22.0,85.9,1.2,16.67,13.0,83.2,83.5,135.9,"Rain, Partially cloudy",1011.7,2022-04-21T05:33:24,2022-04-21T18:17:41
2022-04-22,25.3,80.2,0.0,0.0,20.5,129.3,75.3,166.2,Partially cloudy,1009.1,2022-04-22T05:32:39,2022-04-22T18:18:02
2022-04-23,27.0,82.8,0.4,12.5,20.5,116.1,73.5,183.2,"Rain, Partially cloudy",1007.5,2022-04-23T05:31:55,2022-04-23T18:18:23
2022-04-24,26.8,86.9,0.0,0.0,20.5,115.8,94.6,228.9,Overcast,1004.9,2022-04-24T05:31:11,2022-04-24T18:18:45
2022-04-25,27.7,84.1,0.0,0.0,24.1,97.5,88.9,277.0,Partially cloudy,1003.9,2022-04-25T05:30:28,2022-04-25T18:19:06
2022-04-26,28.1,82.6,0.0,0.0,20.5,97.6,79.4,286.6,Partially cloudy,1003.8,2022-04-26T05:29:46,2022-04-26T18:19:28
2022-04-27,28.1,84.7,0.098,4.17,18.4,105.7,86.8,219.8,"Rain, Partially cloudy",1005.6,2022-04-27T05:29:05,2022-04-27T18:19:50
2022-04-28,27.2,88.2,0.002,4.17,22.3,122.7,93.8,180.2,"Rain, Overcast",1007.6,2022-04-28T05:28:24,2022-04-28T18:20:13
2022-04-29,26.8,88.2,0.8,20.83,14.8,116.1,91.2,139.7,"Rain, Overcast",1008.9,2022-04-29T05:27:44,2022-04-29T18:20:35
2022-04-30,28.6,80.0,0.983,4.17,17.5,129.7,69.7,248.0,"Rain, Partially cloudy",1008.8,2022-04-30T05:27:05,2022-04-30T18:20:58
2022-05-01,23.5,67.1,12.85,8.33,35.3,18.2,74.2,99.1,"Rain, Partially cloudy",1012.9,2022-05-01T05:26:27,2022-05-01T18:21:21
2022-05-02,23.9,49.6,0.0,0.0,19.5,359.6,62.2,266.4,Partially cloudy,1016.0,2022-05-02T05:25:50,2022-05-02T18:21:44
2022-05-03,24.9,55.2,0.0,0.0,17.6,17.4,29.9,307.7,Partially cloudy,1016.1,2022-05-03T05:25:14,2022-05-03T18:22:08
2022-05-04,25.0,54.3,0.0,0.0,16.6,103.8,24.9,309.3,Partially cloudy,1014.2,2022-05-04T05:24:38,2022-05-04T18:22:31
2022-05-05,25.7,64.9,0.0,0.0,16.6,101.6,19.9,282.2,Clear,1011.5,2022-05-05T05:24:03,2022-05-05T18:22:55
2022-05-06,26.1,74.7,1.5,20.83,9.9,52.8,54.3,193.4,"Rain, Partially cloudy",1010.9,2022-05-06T05:23:30,2022-05-06T18:23:19
2022-05-07,26.8,80.9,1.111,8.33,19.4,131.4,79.4,170.9,"Rain, Partially cloudy",1010.7,2022-05-07T05:22:57,2022-05-07T18:23:44
2022-05-08,26.2,85.8,2.963,8.33,25.0,116.9,90.1,217.1,"Rain, Overcast",1010.2,2022-05-08T05:22:25,2022-05-08T18:24:08
2022-05-09,27.1,83.5,2.017,8.33,22.3,133.2,78.8,192.3,"Rain, Partially cloudy",1009.0,2022-05-09T05:21:54,2022-05-09T18:24:33
2022-05-10,28.6,82.6,1.035,8.33,21.4,122.7,72.7,224.7,"Rain, Partially cloudy",1005.8,2022-05-10T05:21:24,2022-05-10T18:24:57
2022-05-11,29.0,83.1,2.0,37.5,15.7,98.2,63.6,185.0,"Rain, Partially cloudy",1004.0,2022-05-11T05:20:55,2022-05-11T18:25:22
2022-05-12,26.9,88.3,37.51,8.33,18.4,71.5,80.7,150.2,"Rain, Partially cloudy",1003.5,2022-05-12T05:20:27,2022-05-12T18:25:47
2022-05-13,26.9,84.7,0.052,8.33,20.5,59.4,87.9,114.6,"Rain, Partially cloudy",1003.8,2022-05-13T05:20:00,2022-05-13T18:26:12
2022-05-14,24.5,87.0,3.26,8.33,13.9,51.2,95.9,74.8,"Rain, Overcast",1007.1,2022-05-14T05:19:34,2022-05-14T18:26:38
2022-05-15,24.9,83.9,5.043,8.33,17.5,26.0,92.9,84.0,"Rain, Overcast",1008.9,2022-05-15T05:19:09,2022-05-15T18:27:03
2022-05-16,23.9,62.2,0.035,4.17,15.7,11.5,96.8,75.4,"Rain, Overcast",1013.7,2022-05-16T05:18:45,2022-05-16T18:27:28
2022-05-17,24.7,64.6,0.0,0.0,16.6,100.9,86.0,244.8,Partially cloudy,1013.2,2022-05-17T05:18:23,2022-05-17T18:27:54
2022-05-18,25.5,70.8,0.0,0.0,20.3,122.9,57.8,206.0,Partially cloudy,1012.3,2022-05-18T05:18:01,2022-05-18T18:28:20
2022-05-19,25.9,79.4,0.3,12.5,15.7,122.2,72.6,154.3,"Rain, Partially cloudy",1011.0,2022-05-19T05:17:40,2022-05-19T18:28:45
2022-05-20,26.9,81.6,2.6,37.5,13.9,106.6,74.7,98.7,"Rain, Partially cloudy",1008.6,2022-05-20T05:17:20,2022-05-20T18:29:11
2022-05-21,25.6,80.0,0.151,8.33,17.5,38.3,77.9,46.5,"Rain, Partially cloudy",1006.1,2022-05-21T05:17:02,2022-05-21T18:29:36
2022-05-22,24.3,92.1,48.284,16.67,19.4,24.9,93.0,79.0,"Rain, Overcast",1002.0,2022-05-22T05:16:44,2022-05-22T18:30:02
2022-05-23,24.6,95.4,141.57,16.67,19.4,13.4,96.9,47.6,"Rain, Overcast",1002.4,2022-05-23T05:16:28,2022-05-23T18:30:27
2022-05-24,24.0,96.8,47.703,12.5,15.7,320.4,93.5,81.8,"Rain, Overcast",1006.5,2022-05-24T05:16:13,2022-05-24T18:30:53
2022-05-25,27.2,87.4,0.2,8.33,15.7,93.6,85.2,171.8,"Rain, Partially cloudy",1005.5,2022-05-25T05:15:59,2022-05-25T18:31:18
2022-05-26,28.8,82.9,0.087,4.17,16.6,93.6,75.9,213.5,"Rain, Partially cloudy",1001.7,2022-05-26T05:15:45,2022-05-26T18:31:44
2022-05-27,27.9,86.0,6.878,4.17,23.2,93.0,64.3,115.5,"Rain, Partially cloudy",1000.3,2022-05-27T05:15:33,2022-05-27T18:32:09
2022-05-28,28.8,86.3,32.424,8.33,22.3,96.7,82.5,142.8,"Rain, Partially cloudy",1000.4,2022-05-28T05:15:22,2022-05-28T18:32:34
2022-05-29,28.4,87.3,19.651,8.33,23.2,96.5,78.7,155.5,"Rain, Partially cloudy",1001.6,2022-05-29T05:15:13,2022-05-29T18:32:58
2022-05-30,28.2,88.0,0.175,8.33,17.6,77.6,79.6,137.1,"Rain, Partially cloudy",1003.1,2022-05-30T05:15:04,2022-05-30T18:33:23
2022-05-31,27.3,85.4,58.313,12.5,16.6,78.0,68.3,116.7,"Rain, Partially cloudy",1004.5,2022-05-31T05:14:56,2022-05-31T18:33:47
2022-06-01,28.8,82.9,24.563,4.17,26.8,120.1,63.7,252.3,"Rain, Partially cloudy",1003.9,2022-06-01T05:14:50,2022-06-01T18:34:11
2022-06-02,29.9,80.2,3.93,4.17,15.7,116.3,68.7,141.9,"Rain, Partially cloudy",1002.1,2022-06-02T05:14:44,2022-06-02T18:34:35
2022-06-03,30.9,72.5,0.297,4.17,16.6,131.5,80.0,174.8,"Rain, Partially cloudy",1000.5,2022-06-03T05:14:40,2022-06-03T18:34:59
2022-06-04,32.3,67.9,0.0,0.0,16.6,123.5,70.2,295.2,Partially cloudy,1000.0,2022-06-04T05:14:36,2022-06-04T18:35:22
2022-06-05,31.0,77.1,0.6,4.17,15.7,65.3,65.2,227.4,"Rain, Partially cloudy",1000.2,2022-06-05T05:14:34,2022-06-05T18:35:45
2022-06-06,28.2,84.0,4.913,4.17,15.7,2.9,61.9,148.1,"Rain, Partially cloudy",1002.4,2022-06-06T05:14:32,2022-06-06T18:36:07
2022-06-07,28.2,82.6,6.568,12.5,13.9,254.4,71.8,101.4,"Rain, Partially cloudy",1003.6,2022-06-07T05:14:32,2022-06-07T18:36:29
2022-06-08,27.8,86.5,6.878,4.17,11.2,75.6,71.7,201.5,"Rain, Partially cloudy",1003.1,2022-06-08T05:14:33,2022-06-08T18:36:51
2022-06-09,29.0,82.0,0.035,4.17,12.1,71.8,64.0,215.1,"Rain, Partially cloudy",1002.6,2022-06-09T05:14:34,2022-06-09T18:37:12
2022-06-10,30.0,81.5,1.5,20.83,13.0,71.0,48.1,175.6,"Rain, Partially cloudy",1001.1,2022-06-10T05:14:37,2022-06-10T18:37:33
2022-06-11,28.2,87.1,0.492,8.33,12.1,42.3,54.5,109.8,"Rain, Partially cloudy",1003.3,2022-06-11T05:14:41,2022-06-11T18:37:53
2022-06-12,30.9,77.2,0.098,4.17,13.9,139.4,82.4,160.5,"Rain, Partially cloudy",1003.5,2022-06-12T05:14:45,2022-06-12T18:38:12
2022-06-13,30.9,75.0,0.122,4.17,23.2,35.1,60.7,218.0,"Rain, Partially cloudy",1003.1,2022-06-13T05:14:51,2022-06-13T18:38:31
2022-06-14,27.5,85.7,56.346,12.5,17.0,306.5,71.2,129.3,"Rain, Partially cloudy",1006.9,2022-06-14T05:14:57,2022-06-14T18:38:49
2022-06-15,28.3,81.3,19.825,8.33,13.0,199.9,85.2,136.3,"Rain, Partially cloudy",1007.5,2022-06-15T05:15:05,2022-06-15T18:39:07
2022-06-16,30.0,76.4,0.997,4.17,13.0,136.2,70.1,212.9,"Rain, Partially cloudy",1005.6,2022-06-16T05:15:13,2022-06-16T18:39:24
2022-06-17,31.4,67.4,0.21,4.17,14.8,177.0,82.5,221.3,"Rain, Partially cloudy",1002.6,2022-06-17T05:15:22,2022-06-17T18:39:41
2022-06-18,32.4,62.8,0.0,0.0,19.4,211.1,75.6,255.6,Partially cloudy,1000.2,2022-06-18T05:15:32,2022-06-18T18:39:56
2022-06-19,33.7,59.0,0.0,0.0,15.7,218.1,64.0,295.6,Partially cloudy,999.2,2022-06-19T05:15:42,2022-06-19T18:40:11
2022-06-20,33.6,60.0,0.0,0.0,15.7,179.7,75.6,285.8,Partially cloudy,998.3,2022-06-20T05:15:54,2022-06-20T18:40:25
2022-06-21,33.3,65.0,0.1,4.17,22.3,131.9,67.3,285.4,"Rain, Partially cloudy",999.0,2022-06-21T05:16:06,2022-06-21T18:40:39
2022-06-22,31.7,72.2,0.2,8.33,25.9,111.9,64.3,228.9,"Rain, Partially cloudy",1004.0,2022-06-22T05:16:19,2022-06-22T18:40:51
2022-06-23,28.0,84.2,2.948,4.17,15.7,96.9,71.1,267.3,"Rain, Partially cloudy",1007.4,2022-06-23T05:16:33,2022-06-23T18:41:03
2022-06-24,30.3,74.9,0.4,16.67,20.3,129.9,44.0,280.6,"Rain, Partially cloudy",1006.6,2022-06-24T05:16:48,2022-06-24T18:41:14
2022-06-25,30.7,70.5,0.1,4.17,19.4,135.3,36.7,270.7,"Rain, Partially cloudy",1005.2,2022-06-25T05:17:03,2022-06-25T18:41:24
2022-06-26,30.3,76.4,0.983,4.17,21.4,127.4,54.8,279.9,"Rain, Partially cloudy",1006.0,2022-06-26T05:17:19,2022-06-26T18:41:33
2022-06-27,32.0,71.0,0.0,0.0,21.4,141.1,60.9,302.9,Partially cloudy,1004.2,2022-06-27T05:17:35,2022-06-27T18:41:41
2022-06-28,32.3,70.0,0.0,0.0,19.4,99.5,62.3,299.1,Partially cloudy,1001.5,2022-06-28T05:17:52,2022-06-28T18:41:48
2022-06-29,30.6,75.5,0.312,4.17,13.9,43.1,70.4,185.7,"Rain, Partially cloudy",1000.4,2022-06-29T05:18:10,2022-06-29T18:41:55
2022-06-30,28.3,83.7,50.685,8.33,12.8,341.5,64.9,160.1,"Rain, Partially cloudy",1001.3,2022-06-30T05:18:28,2022-06-30T18:42:00
2022-07-01,28.9,80.3,0.367,12.5,16.6,316.3,67.5,162.7,"Rain, Partially cloudy",1000.9,2022-07-01T05:18:47,2022-07-01T18:42:05
2022-07-02,30.6,74.2,0.4,16.67,27.9,314.5,81.1,260.2,"Rain, Partially cloudy",997.4,2022-07-02T05:19:06,2022-07-02T18:42:08
2022-07-03,31.2,73.1,2.753,8.33,11.2,237.2,80.8,239.7,"Rain, Partially cloudy",997.3,2022-07-03T05:19:26,2022-07-03T18:42:10
2022-07-04,32.6,72.9,0.0,0.0,15.7,66.6,67.3,265.3,Partially cloudy,997.7,2022-07-04T05:19:46,2022-07-04T18:42:12
2022-07-05,30.4,79.7,83.969,4.17,24.1,79.6,68.4,260.4,"Rain, Partially cloudy",1000.4,2022-07-05T05:20:06,2022-07-05T18:42:12
2022-07-06,28.1,85.5,7.897,8.33,12.1,98.3,67.4,139.4,"Rain, Partially cloudy",1003.3,2022-07-06T05:20:27,2022-07-06T18:42:11
2022-07-07,27.6,86.6,23.58,4.17,13.9,73.3,88.5,123.6,"Rain, Partially cloudy",1003.0,2022-07-07T05:20:48,2022-07-07T18:42:09
2022-07-08,27.5,87.7,0.603,4.17,12.1,65.1,68.0,118.7,"Rain, Partially cloudy",1004.1,2022-07-08T05:21:10,2022-07-08T18:42:06
2022-07-09,27.5,87.9,1.512,8.33,17.7,74.8,61.0,141.7,"Rain, Partially cloudy",1004.3,2022-07-09T05:21:32,2022-07-09T18:42:02
2022-07-10,29.4,79.1,0.232,8.33,10.3,19.9,52.2,219.1,"Rain, Partially cloudy",1004.8,2022-07-10T05:21:54,2022-07-10T18:41:57
2022-07-11,29.8,79.8,11.559,12.5,16.6,52.7,54.0,197.0,"Rain, Partially cloudy",1004.7,2022-07-11T05:22:17,2022-07-11T18:41:51
2022-07-12,29.6,81.7,1.253,12.5,16.9,95.8,60.5,137.0,"Rain, Partially cloudy",1004.6,2022-07-12T05:22:39,2022-07-12T18:41:43
2022-07-13,29.0,84.1,33.615,12.5,13.0,69.7,61.3,184.8,"Rain, Partially cloudy",1003.9,2022-07-13T05:23:02,2022-07-13T18:41:35
2022-07-14,29.7,79.7,8.219,12.5,16.6,100.8,62.3,166.1,"Rain, Partially cloudy",1004.0,2022-07-14T05:23:25,2022-07-14T18:41:25
2022-07-15,29.4,82.4,34.034,12.5,18.5,78.5,64.7,229.8,"Rain, Partially cloudy",1004.5,2022-07-15T05:23:48,2022-07-15T18:41:15
2022-07-16,31.2,76.3,0.0,0.0,16.6,126.3,51.1,260.8,Partially cloudy,1004.0,2022-07-16T05:24:12,2022-07-16T18:41:03
2022-07-17,32.2,77.8,0.0,0.0,19.4,121.9,70.8,251.7,Partially cloudy,1002.6,2022-07-17T05:24:35,2022-07-17T18:40:50
2022-07-18,32.3,76.1,4.913,4.17,21.4,97.0,71.9,280.2,"Rain, Partially cloudy",1000.3,2022-07-18T05:24:59,2022-07-18T18:40:36
2022-07-19,29.2,82.4,48.511,4.17,16.7,91.1,68.4,224.4,"Rain, Partially cloudy",1001.8,2022-07-19T05:25:22,2022-07-19T18:40:20
2022-07-20,28.8,84.7,26.563,8.33,19.4,105.9,67.0,166.3,"Rain, Partially cloudy",1005.9,2022-07-20T05:25:46,2022-07-20T18:40:04
2022-07-21,27.9,87.8,21.93,12.5,20.3,75.0,71.4,129.2,"Rain, Partially cloudy",1008.5,2022-07-21T05:26:09,2022-07-21T18:39:47
2022-07-22,27.7,86.7,16.018,12.5,22.3,84.6,68.9,157.6,"Rain, Partially cloudy",1010.5,2022-07-22T05:26:33,2022-07-22T18:39:28
2022-07-23,29.7,78.3,0.003,4.17,13.9,115.7,44.6,264.7,"Rain, Partially cloudy",1009.0,2022-07-23T05:26:56,2022-07-23T18:39:08
2022-07-24,30.9,74.5,0.2,8.33,15.7,120.5,27.0,287.2,"Rain, Partially cloudy",1007.2,2022-07-24T05:27:20,2022-07-24T18:38:48
2022-07-25,30.9,72.7,0.0,0.0,15.7,122.9,28.8,281.6,Partially cloudy,1007.5,2022-07-25T05:27:43,2022-07-25T18:38:26
2022-07-26,30.8,73.8,0.0,0.0,17.5,122.9,30.1,295.4,Partially cloudy,1006.8,2022-07-26T05:28:07,2022-07-26T18:38:03
2022-07-27,30.7,74.8,0.0,0.0,17.5,126.9,32.4,261.1,Partially cloudy,1006.1,2022-07-27T05:28:30,2022-07-27T18:37:38
2022-07-28,30.7,75.2,0.0,0.0,14.8,98.6,51.8,220.4,Partially cloudy,1006.2,2022-07-28T05:28:53,2022-07-28T18:37:13
2022-07-29,30.9,76.5,0.0,0.0,15.7,105.8,61.3,232.0,Partially cloudy,1005.0,2022-07-29T05:29:16,2022-07-29T18:36:47
2022-07-30,29.6,78.2,25.546,4.17,25.9,134.8,75.3,187.5,"Rain, Partially cloudy",1003.5,2022-07-30T05:29:39,2022-07-30T18:36:20
2022-07-31,29.3,79.4,2.734,8.33,19.4,105.2,57.4,162.5,"Rain, Partially cloudy",1003.0,2022-07-31T05:30:02,2022-07-31T18:35:51
2022-08-01,29.1,81.1,0.262,8.33,20.3,104.7,46.2,217.0,"Rain, Partially cloudy",1004.3,2022-08-01T05:30:24,2022-08-01T18:35:22
2022-08-02,30.4,76.3,2.948,4.17,14.8,92.5,47.5,177.4,"Rain, Partially cloudy",1005.9,2022-08-02T05:30:47,2022-08-02T18:34:51
2022-08-03,31.5,70.5,0.4,12.5,14.8,110.0,48.6,280.6,"Rain, Partially cloudy",1005.8,2022-08-03T05:31:09,2022-08-03T18:34:20
2022-08-04,30.7,77.7,0.907,8.33,18.4,99.6,52.2,251.8,"Rain, Partially cloudy",1003.6,2022-08-04T05:31:31,2022-08-04T18:33:47
2022-08-05,28.3,80.5,0.954,8.33,17.6,111.3,60.5,71.2,"Rain, Partially cloudy",1003.0,2022-08-05T05:31:53,2022-08-05T18:33:14
2022-08-06,27.3,86.6,15.088,12.5,15.7,94.3,88.5,40.4,"Rain, Partially cloudy",1003.9,2022-08-06T05:32:14,2022-08-06T18:32:40
2022-08-07,27.7,88.0,10.154,16.67,14.8,60.9,69.4,56.2,"Rain, Partially cloudy",1005.2,2022-08-07T05:32:36,2022-08-07T18:32:04
2022-08-08,28.5,82.3,0.983,4.17,11.7,327.3,53.2,245.6,"Rain, Partially cloudy",1005.2,2022-08-08T05:32:57,2022-08-08T18:31:28
2022-08-09,29.7,75.6,0.55,8.33,9.5,327.7,62.0,253.4,"Rain, Partially cloudy",1003.2,2022-08-09T05:33:18,2022-08-09T18:30:51
2022-08-10,28.4,82.9,4.93,4.17,17.6,332.5,81.3,149.8,"Rain, Partially cloudy",1000.9,2022-08-10T05:33:38,2022-08-10T18:30:12
2022-08-11,26.0,92.6,152.462,20.83,19.4,251.2,94.0,34.0,"Rain, Overcast",1000.5,2022-08-11T05:33:59,2022-08-11T18:29:33
2022-08-12,25.3,92.3,91.878,12.5,20.3,93.8,78.9,46.9,"Rain, Partially cloudy",1006.3,2022-08-12T05:34:19,2022-08-12T18:28:53
2022-08-13,28.0,82.8,6.1,41.67,13.0,109.7,82.3,188.9,"Rain, Partially cloudy",1006.5,2022-08-13T05:34:39,2022-08-13T18:28:13
2022-08-14,28.8,82.4,0.28,4.17,13.9,121.3,54.3,213.5,"Rain, Partially cloudy",1005.5,2022-08-14T05:34:58,2022-08-14T18:27:31
2022-08-15,29.4,79.4,0.175,4.17,16.6,104.8,48.6,224.1,"Rain, Partially cloudy",1004.5,2022-08-15T05:35:18,2022-08-15T18:26:49
2022-08-16,30.7,76.8,0.5,12.5,15.7,105.0,39.8,241.9,"Rain, Partially cloudy",1004.4,2022-08-16T05:35:37,2022-08-16T18:26:05
2022-08-17,30.2,80.4,1.9,33.33,13.9,109.1,48.0,198.9,"Rain, Partially cloudy",1004.3,2022-08-17T05:35:56,2022-08-17T18:25:21
2022-08-18,30.6,78.4,0.7,20.83,19.4,105.1,58.9,254.3,"Rain, Partially cloudy",1003.6,2022-08-18T05:36:14,2022-08-18T18:24:36
2022-08-19,31.1,77.4,1.8,20.83,25.0,94.5,52.5,234.4,"Rain, Partially cloudy",1002.6,2022-08-19T05:36:32,2022-08-19T18:23:51
2022-08-20,27.7,89.0,17.913,16.67,20.3,300.3,80.4,151.6,"Rain, Partially cloudy",1002.4,2022-08-20T05:36:51,2022-08-20T18:23:05
2022-08-21,27.0,90.7,47.034,16.67,21.2,67.3,83.2,91.5,"Rain, Partially cloudy",1002.8,2022-08-21T05:37:08,2022-08-21T18:22:18
2022-08-22,29.6,81.4,1.965,4.17,13.9,111.8,54.9,195.0,"Rain, Partially cloudy",1004.7,2022-08-22T05:37:26,2022-08-22T18:21:30
2022-08-23,29.5,85.7,0.052,4.17,13.9,94.4,39.8,233.8,"Rain, Partially cloudy",1005.4,2022-08-23T05:37:43,2022-08-23T18:20:42
2022-08-24,30.9,78.6,4.8,16.67,10.3,23.4,42.4,203.5,"Rain, Partially cloudy",1003.5,2022-08-24T05:38:00,2022-08-24T18:19:53
2022-08-25,28.0,89.8,30.965,8.33,23.2,284.1,63.8,180.6,"Rain, Partially cloudy",999.7,2022-08-25T05:38:17,2022-08-25T18:19:04
2022-08-26,28.0,85.1,43.633,8.33,22.3,128.4,77.5,126.0,"Rain, Partially cloudy",1002.7,2022-08-26T05:38:34,2022-08-26T18:18:14
2022-08-27,29.8,78.3,0.1,4.17,20.3,106.2,58.6,229.0,"Rain, Partially cloudy",1007.3,2022-08-27T05:38:50,2022-08-27T18:17:23
2022-08-28,30.4,78.5,0.2,8.33,19.4,116.0,44.5,252.1,"Rain, Partially cloudy",1007.3,2022-08-28T05:39:07,2022-08-28T18:16:32
2022-08-29,30.7,76.5,0.0,0.0,17.5,128.2,45.9,262.3,Partially cloudy,1008.9,2022-08-29T05:39:23,2022-08-29T18:15:40
2022-08-30,30.8,74.3,0.0,0.0,13.9,117.3,43.6,276.2,Partially cloudy,1008.4,2022-08-30T05:39:39,2022-08-30T18:14:48
2022-08-31,30.5,76.6,0.2,8.33,12.1,76.3,44.2,226.4,"Rain, Partially cloudy",1006.8,2022-08-31T05:39:54,2022-08-31T18:13:55
2022-09-01,28.7,83.5,11.053,8.33,17.5,342.0,51.7,129.9,"Rain, Partially cloudy",1009.0,2022-09-01T05:40:10,2022-09-01T18:13:02
2022-09-02,30.2,72.4,0.052,4.17,10.3,349.1,65.3,236.6,"Rain, Partially cloudy",1008.1,2022-09-02T05:40:25,2022-09-02T18:12:09
2022-09-03,30.8,73.7,0.175,4.17,15.7,98.6,39.9,254.5,"Rain, Partially cloudy",1005.4,2022-09-03T05:40:40,2022-09-03T18:11:15
2022-09-04,27.7,80.7,2.07,8.33,20.3,356.7,71.7,170.1,"Rain, Partially cloudy",1007.3,2022-09-04T05:40:55,2022-09-04T18:10:20
2022-09-05,29.4,67.7,0.0,0.0,11.2,314.0,54.9,232.8,Partially cloudy,1007.8,2022-09-05T05:41:10,2022-09-05T18:09:26
2022-09-06,30.2,64.1,0.0,0.0,10.4,327.4,33.7,256.6,Partially cloudy,1008.3,2022-09-06T05:41:25,2022-09-06T18:08:31
2022-09-07,28.9,74.0,1.965,4.17,14.8,359.2,60.3,218.6,"Rain, Partially cloudy",1011.0,2022-09-07T05:41:40,2022-09-07T18:07:35
2022-09-08,26.4,89.9,100.581,16.67,26.8,32.3,84.4,38.4,"Rain, Partially cloudy",1012.7,2022-09-08T05:41:54,2022-09-08T18:06:40
2022-09-09,26.9,85.0,26.723,16.67,9.4,342.5,58.7,60.4,"Rain, Partially cloudy",1013.3,2022-09-09T05:42:09,2022-09-09T18:05:44
2022-09-10,28.0,81.4,18.375,12.5,10.3,209.1,65.9,182.5,"Rain, Partially cloudy",1011.9,2022-09-10T05:42:23,2022-09-10T18:04:48
2022-09-11,28.7,78.1,1.3,37.5,12.1,71.7,44.5,216.3,"Rain, Partially cloudy",1010.0,2022-09-11T05:42:38,2022-09-11T18:03:51
2022-09-12,29.4,74.3,0.3,4.17,12.1,56.2,45.6,227.0,"Rain, Partially cloudy",1009.1,2022-09-12T05:42:52,2022-09-12T18:02:55
2022-09-13,29.3,77.1,0.3,8.33,11.2,331.5,40.5,209.2,"Rain, Partially cloudy",1009.2,2022-09-13T05:43:06,2022-09-13T18:01:58
2022-09-14,29.9,72.8,0.3,12.5,11.2,303.4,33.5,244.1,"Rain, Partially cloudy",1008.6,2022-09-14T05:43:21,2022-09-14T18:01:01
2022-09-15,30.2,74.8,1.179,4.17,14.8,104.5,38.3,236.8,"Rain, Partially cloudy",1006.0,2022-09-15T05:43:35,2022-09-15T18:00:04
2022-09-16,28.5,82.6,0.098,4.17,16.6,95.6,61.9,61.1,"Rain, Partially cloudy",1004.1,2022-09-16T05:43:49,2022-09-16T17:59:07
2022-09-17,27.9,83.0,0.758,4.17,14.8,83.8,57.7,109.3,"Rain, Partially cloudy",1006.1,2022-09-17T05:44:03,2022-09-17T17:58:10
2022-09-18,29.6,76.1,0.002,4.17,11.2,145.7,21.7,233.9,"Rain, Partially cloudy",1006.7,2022-09-18T05:44:18,2022-09-18T17:57:13
2022-09-19,30.2,76.3,0.0,0.0,11.2,87.1,32.6,242.0,Partially cloudy,1006.3,2022-09-19T05:44:32,2022-09-19T17:56:16
2022-09-20,29.2,78.1,25.742,4.17,16.6,46.7,42.3,251.0,"Rain, Partially cloudy",1006.8,2022-09-20T05:44:46,2022-09-20T17:55:19
2022-09-21,27.4,81.6,1.707,4.17,12.1,17.1,46.0,156.6,"Rain, Partially cloudy",1008.8,2022-09-21T05:45:01,2022-09-21T17:54:22
2022-09-22,27.6,82.7,25.596,4.17,17.5,67.5,61.5,116.1,"Rain, Partially cloudy",1009.6,2022-09-22T05:45:16,2022-09-22T17:53:25
2022-09-23,27.4,80.0,18.139,4.17,24.1,4.8,62.0,218.3,"Rain, Partially cloudy",1010.3,2022-09-23T05:45:30,2022-09-23T17:52:28
2022-09-24,26.6,80.1,8.936,4.17,13.9,10.5,74.4,136.1,"Rain, Partially cloudy",1010.5,2022-09-24T05:45:45,2022-09-24T17:51:31
2022-09-25,26.0,82.6,18.53,4.17,18.4,13.1,67.2,149.6,"Rain, Partially cloudy",1011.2,2022-09-25T05:46:00,2022-09-25T17:50:34
2022-09-26,27.9,79.2,0.4,16.67,9.4,318.5,27.4,230.1,"Rain, Partially cloudy",1009.9,2022-09-26T05:46:15,2022-09-26T17:49:37
2022-09-27,29.0,74.8,0.1,4.17,11.2,325.7,19.3,236.9,Rain,1007.0,2022-09-27T05:46:31,2022-09-27T17:48:41
2022-09-28,26.8,80.1,27.2,79.17,12.1,322.7,70.3,29.0,"Rain, Partially cloudy",1005.8,2022-09-28T05:46:46,2022-09-28T17:47:45
2022-09-29,26.1,86.9,23.5,87.5,14.8,1.9,88.4,45.0,"Rain, Partially cloudy",1006.8,2022-09-29T05:47:02,2022-09-29T17:46:49
2022-09-30,26.6,84.1,20.8,100.0,23.2,63.5,70.1,59.6,"Rain, Partially cloudy",1008.4,2022-09-30T05:47:18,2022-09-30T17:45:53
2022-10-01,26.2,89.2,33.5,100.0,19.4,90.9,80.3,69.4,"Rain, Partially cloudy",1009.6,2022-10-01T05:47:34,2022-10-01T17:44:58
2022-10-02,26.9,83.4,31.3,91.67,17.5,94.9,83.2,49.6,"Rain, Partially cloudy",1010.8,2022-10-02T05:47:50,2022-10-02T17:44:03
2022-10-03,27.8,81.1,2.0,50.0,17.6,72.8,53.6,169.4,"Rain, Partially cloudy",1012.1,2022-10-03T05:48:07,2022-10-03T17:43:08
2022-10-04,27.5,81.6,0.149,4.17,8.5,293.4,40.4,186.2,"Rain, Partially cloudy",1013.5,2022-10-04T05:48:24,2022-10-04T17:42:13
2022-10-05,28.3,77.5,0.133,4.17,16.6,118.4,30.8,216.0,"Rain, Partially cloudy",1013.2,2022-10-05T05:48:41,2022-10-05T17:41:19
2022-10-06,26.7,84.8,4.629,8.33,26.8,107.8,41.5,178.2,"Rain, Partially cloudy",1013.6,2022-10-06T05:48:58,2022-10-06T17:40:26
2022-10-07,26.4,85.8,1.195,12.5,13.2,95.7,52.4,155.8,"Rain, Partially cloudy",1014.0,2022-10-07T05:49:16,2022-10-07T17:39:33
2022-10-08,26.7,81.9,1.451,8.33,16.6,72.8,67.3,90.8,"Rain, Partially cloudy",1014.4,2022-10-08T05:49:34,2022-10-08T17:38:40
2022-10-09,25.3,76.9,0.662,12.5,26.8,20.5,88.5,58.9,"Rain, Partially cloudy",1017.2,2022-10-09T05:49:53,2022-10-09T17:37:48
2022-10-10,23.8,57.9,0.197,4.17,17.5,4.2,63.9,161.3,"Rain, Partially cloudy",1020.4,2022-10-10T05:50:12,2022-10-10T17:36:56
2022-10-11,23.9,58.9,0.0,0.0,16.6,28.1,10.4,253.0,Clear,1017.5,2022-10-11T05:50:31,2022-10-11T17:36:05
2022-10-12,25.0,57.4,0.0,0.0,13.9,59.6,10.7,252.6,Clear,1015.7,2022-10-12T05:50:50,2022-10-12T17:35:15
2022-10-13,25.0,57.3,0.0,0.0,11.2,0.7,31.8,235.4,Partially cloudy,1014.6,2022-10-13T05:51:10,2022-10-13T17:34:25
2022-10-14,24.8,60.1,0.0,0.0,17.5,342.5,60.3,252.7,Partially cloudy,1012.9,2022-10-14T05:51:31,2022-10-14T17:33:36
2022-10-15,25.7,55.8,0.0,0.0,17.5,338.0,54.1,228.6,Partially cloudy,1012.9,2022-10-15T05:51:52,2022-10-15T17:32:47
2022-10-16,25.8,59.2,0.0,0.0,16.6,330.6,9.6,251.5,Clear,1014.2,2022-10-16T05:52:13,2022-10-16T17:31:59
2022-10-17,27.2,46.0,0.0,0.0,20.5,341.1,35.4,249.7,Partially cloudy,1014.5,2022-10-17T05:52:35,2022-10-17T17:31:12
2022-10-18,26.1,44.2,0.0,0.0,19.7,345.3,41.7,249.8,Partially cloudy,1014.9,2022-10-18T05:52:57,2022-10-18T17:30:25
2022-10-19,21.7,58.4,0.101,8.33,16.6,16.0,70.7,114.0,"Rain, Partially cloudy",1016.7,2022-10-19T05:53:20,2022-10-19T17:29:40
2022-10-20,17.3,92.3,18.368,16.67,13.9,342.5,99.9,17.1,"Rain, Overcast",1018.5,2022-10-20T05:53:43,2022-10-20T17:28:55
2022-10-21,19.9,93.2,5.409,8.33,12.1,314.8,77.1,38.6,"Rain, Partially cloudy",1018.7,2022-10-21T05:54:06,2022-10-21T17:28:11
2022-10-22,25.3,77.2,0.0,0.0,10.8,320.9,21.3,226.3,Partially cloudy,1016.8,2022-10-22T05:54:30,2022-10-22T17:27:27
2022-10-23,27.7,71.3,0.0,0.0,7.4,356.8,19.3,215.3,Clear,1015.0,2022-10-23T05:54:55,2022-10-23T17:26:45
2022-10-24,27.6,69.5,0.1,4.17,15.7,97.5,20.1,210.1,"Rain, Partially cloudy",1014.1,2022-10-24T05:55:20,2022-10-24T17:26:04
2022-10-25,24.9,83.7,0.15,8.33,13.9,244.2,66.4,111.1,"Rain, Partially cloudy",1016.2,2022-10-25T05:55:46,2022-10-25T17:25:23
2022-10-26,25.2,83.5,0.003,4.17,9.4,283.1,81.8,123.5,"Rain, Partially cloudy",1015.3,2022-10-26T05:56:12,2022-10-26T17:24:43
2022-10-27,26.5,75.9,0.002,4.17,11.2,127.5,78.3,159.3,"Rain, Partially cloudy",1014.6,2022-10-27T05:56:39,2022-10-27T17:24:05
2022-10-28,26.8,69.5,0.0,0.0,11.2,122.6,43.2,170.4,Partially cloudy,1014.9,2022-10-28T05:57:06,2022-10-28T17:23:27
2022-10-29,26.1,73.5,0.491,4.17,12.1,346.6,37.3,197.3,"Rain, Partially cloudy",1015.0,2022-10-29T05:57:34,2022-10-29T17:22:50
2022-10-30,25.7,73.9,0.0,0.0,14.1,339.6,17.0,200.0,Clear,1013.8,2022-10-30T05:58:02,2022-10-30T17:22:15
2022-10-31,25.7,56.4,0.0,0.0,19.4,356.9,44.9,179.6,Partially cloudy,1014.8,2022-10-31T05:58:31,2022-10-31T17:21:40
2022-11-01,24.5,52.5,0.0,0.0,20.5,326.5,59.5,231.7,Partially cloudy,1014.2,2022-11-01T05:59:00,2022-11-01T17:21:07
2022-11-02,23.0,62.0,0.0,0.0,14.8,324.7,17.0,234.6,Clear,1011.9,2022-11-02T05:59:30,2022-11-02T17:20:34
2022-11-03,23.4,62.8,0.0,0.0,10.5,309.4,30.9,228.1,Partially cloudy,1013.2,2022-11-03T06:00:00,2022-11-03T17:20:03
2022-11-04,24.2,65.7,0.0,0.0,11.2,341.6,26.1,205.4,Partially cloudy,1016.2,2022-11-04T06:00:31,2022-11-04T17:19:33
2022-11-05,24.4,67.9,0.0,0.0,19.4,63.5,8.4,215.5,Clear,1018.1,2022-11-05T06:01:02,2022-11-05T17:19:04
2022-11-06,23.5,72.4,0.0,0.0,10.3,78.1,15.3,209.4,Clear,1017.6,2022-11-06T06:01:34,2022-11-06T17:18:36
2022-11-07,23.6,75.8,0.0,0.0,11.2,94.9,29.5,154.7,Partially cloudy,1016.5,2022-11-07T06:02:07,2022-11-07T17:18:09
2022-11-08,24.1,74.6,0.0,0.0,14.8,72.5,21.9,200.3,Partially cloudy,1016.5,2022-11-08T06:02:39,2022-11-08T17:17:44
2022-11-09,24.4,75.4,0.0,0.0,13.0,97.9,19.4,191.7,Clear,1016.3,2022-11-09T06:03:13,2022-11-09T17:17:20
2022-11-10,24.6,81.7,0.3,12.5,9.4,131.3,65.5,106.1,"Rain, Partially cloudy",1015.8,2022-11-10T06:03:47,2022-11-10T17:16:57
2022-11-11,25.7,80.9,0.8,29.17,14.8,122.8,52.2,138.8,"Rain, Partially cloudy",1015.0,2022-11-11T06:04:21,2022-11-11T17:16:35
2022-11-12,26.1,78.1,0.4,16.67,15.7,109.2,62.2,124.2,"Rain, Partially cloudy",1013.8,2022-11-12T06:04:56,2022-11-12T17:16:15
2022-11-13,25.4,79.9,0.185,8.33,11.2,105.6,55.6,132.2,"Rain, Partially cloudy",1014.6,2022-11-13T06:05:31,2022-11-13T17:15:56
2022-11-14,25.5,82.1,0.002,4.17,9.4,132.3,41.6,127.1,"Rain, Partially cloudy",1014.9,2022-11-14T06:06:06,2022-11-14T17:15:38
2022-11-15,25.9,81.7,0.035,4.17,15.7,125.0,58.1,132.8,"Rain, Partially cloudy",1013.5,2022-11-15T06:06:42,2022-11-15T17:15:22
2022-11-16,27.0,79.0,0.098,4.17,16.6,129.3,59.9,133.1,"Rain, Partially cloudy",1011.7,2022-11-16T06:07:19,2022-11-16T17:15:07
2022-11-17,26.9,80.8,1.4,33.33,22.3,122.5,56.3,167.2,"Rain, Partially cloudy",1011.5,2022-11-17T06:07:56,2022-11-17T17:14:53
2022-11-18,26.9,83.0,1.5,29.17,17.5,117.8,61.1,148.9,"Rain, Partially cloudy",1012.6,2022-11-18T06:08:33,2022-11-18T17:14:40
2022-11-19,26.7,79.5,1.474,4.17,13.9,118.9,78.0,115.6,"Rain, Partially cloudy",1013.7,2022-11-19T06:09:10,2022-11-19T17:14:29
2022-11-20,25.1,77.9,0.0,0.0,13.9,48.3,55.6,155.8,Partially cloudy,1013.0,2022-11-20T06:09:48,2022-11-20T17:14:20
2022-11-21,25.4,74.9,0.0,0.0,10.6,81.9,38.4,137.0,Partially cloudy,1011.6,2022-11-21T06:10:26,2022-11-21T17:14:11
2022-11-22,25.3,76.7,0.035,4.17,9.9,20.6,57.8,111.7,"Rain, Partially cloudy",1011.4,2022-11-22T06:11:04,2022-11-22T17:14:04
2022-11-23,26.3,76.2,0.002,4.17,10.5,13.2,74.5,65.0,"Rain, Partially cloudy",1012.0,2022-11-23T06:11:42,2022-11-23T17:13:59
2022-11-24,22.9,88.5,5.677,8.33,16.3,22.8,97.9,22.6,"Rain, Overcast",1013.6,2022-11-24T06:12:21,2022-11-24T17:13:55
2022-11-25,23.4,89.3,1.469,16.67,8.5,41.8,93.8,35.2,"Rain, Overcast",1014.2,2022-11-25T06:13:00,2022-11-25T17:13:52
2022-11-26,23.2,93.0,2.338,16.67,15.7,72.3,97.0,45.3,"Rain, Overcast",1012.5,2022-11-26T06:13:39,2022-11-26T17:13:50
2022-11-27,26.9,81.5,0.0,0.0,21.4,140.0,60.1,138.4,Partially cloudy,1008.7,2022-11-27T06:14:18,2022-11-27T17:13:50
2022-11-28,27.7,82.2,0.0,0.0,20.5,126.4,60.3,167.9,Partially cloudy,1008.2,2022-11-28T06:14:57,2022-11-28T17:13:51
2022-11-29,27.7,81.7,0.1,4.17,18.5,128.2,60.6,140.7,"Rain, Partially cloudy",1009.7,2022-11-29T06:15:36,2022-11-29T17:13:54
2022-11-30,25.9,82.5,0.098,4.17,29.7,110.7,74.4,44.5,"Rain, Partially cloudy",1013.4,2022-11-30T06:16:15,2022-11-30T17:13:58
2022-12-01,15.4,80.2,2.322,16.67,23.2,42.0,100.0,27.1,"Rain, Overcast",1019.8,2022-12-01T06:16:54,2022-12-01T17:14:03
2022-12-02,15.3,67.6,0.0,0.0,20.5,11.9,80.2,51.1,Partially cloudy,1020.6,2022-12-02T06:17:34,2022-12-02T17:14:10
2022-12-03,17.5,69.0,0.0,0.0,11.2,26.6,96.3,106.1,Overcast,1017.3,2022-12-03T06:18:13,2022-12-03T17:14:18
2022-12-04,17.4,78.4,0.7,29.17,17.5,23.5,99.9,45.5,"Rain, Overcast",1019.0,2022-12-04T06:18:51,2022-12-04T17:14:27
2022-12-05,16.8,71.1,0.1,8.33,20.3,18.5,80.2,67.5,"Rain, Partially cloudy",1021.5,2022-12-05T06:19:30,2022-12-05T17:14:38
2022-12-06,17.0,61.2,0.0,0.0,13.9,39.0,66.9,177.0,Partially cloudy,1019.3,2022-12-06T06:20:09,2022-12-06T17:14:50
2022-12-07,16.9,70.9,0.0,0.0,16.6,17.3,95.0,59.8,Overcast,1018.8,2022-12-07T06:20:47,2022-12-07T17:15:03
2022-12-08,16.6,80.8,0.0,0.0,13.9,14.1,99.4,55.2,Overcast,1018.5,2022-12-08T06:21:25,2022-12-08T17:15:18
2022-12-09,16.6,81.9,0.1,4.17,14.8,13.7,100.0,51.4,"Rain, Overcast",1017.0,2022-12-09T06:22:03,2022-12-09T17:15:33
2022-12-10,16.2,87.7,1.179,4.17,13.0,17.1,99.7,26.9,"Rain, Overcast",1016.6,2022-12-10T06:22:40,2022-12-10T17:15:50
2022-12-11,18.5,64.8,0.101,8.33,11.2,14.0,93.0,57.4,"Rain, Overcast",1017.9,2022-12-11T06:23:17,2022-12-11T17:16:08
2022-12-12,18.5,58.9,0.0,0.0,20.3,351.7,49.7,144.1,Partially cloudy,1020.0,2022-12-12T06:23:53,2022-12-12T17:16:28
2022-12-13,18.0,52.8,0.0,0.0,11.2,76.2,18.1,186.7,Clear,1019.7,2022-12-13T06:24:29,2022-12-13T17:16:48
2022-12-14,18.4,48.4,0.0,0.0,16.6,16.2,17.1,187.2,Clear,1021.3,2022-12-14T06:25:05,2022-12-14T17:17:10
2022-12-15,17.1,61.9,0.0,0.0,13.0,109.5,7.2,193.3,Clear,1016.9,2022-12-15T06:25:40,2022-12-15T17:17:33
2022-12-16,18.2,67.5,0.0,0.0,10.3,11.9,18.2,183.0,Clear,1017.1,2022-12-16T06:26:14,2022-12-16T17:17:56
2022-12-17,19.0,39.1,0.0,0.0,26.8,16.2,83.4,93.1,Partially cloudy,1025.9,2022-12-17T06:26:48,2022-12-17T17:18:21
2022-12-18,16.6,31.0,0.0,0.0,22.1,14.2,56.3,174.0,Partially cloudy,1026.8,2022-12-18T06:27:21,2022-12-18T17:18:47
2022-12-19,14.6,47.0,0.0,0.0,11.2,69.1,10.8,195.2,Clear,1020.7,2022-12-19T06:27:53,2022-12-19T17:19:14
2022-12-20,16.2,56.2,0.0,0.0,8.5,81.5,21.0,189.4,Partially cloudy,1017.1,2022-12-20T06:28:25,2022-12-20T17:19:42
2022-12-21,19.1,45.4,0.0,0.0,15.7,349.9,43.4,173.8,Partially cloudy,1018.2,2022-12-21T06:28:56,2022-12-21T17:20:11
2022-12-22,18.0,58.3,0.0,0.0,13.9,82.2,39.2,172.6,Partially cloudy,1016.6,2022-12-22T06:29:26,2022-12-22T17:20:41
2022-12-23,19.7,51.2,0.0,0.0,17.6,106.0,49.5,137.2,Partially cloudy,1017.6,2022-12-23T06:29:55,2022-12-23T17:21:11
2022-12-24,19.4,49.9,0.0,0.0,12.1,63.7,42.7,159.9,Partially cloudy,1020.1,2022-12-24T06:30:24,2022-12-24T17:21:43
2022-12-25,18.5,65.6,0.0,0.0,17.6,130.9,10.4,186.4,Clear,1020.0,2022-12-25T06:30:51,2022-12-25T17:22:15
2022-12-26,17.2,79.1,0.1,4.17,10.3,61.6,57.0,78.2,"Rain, Partially cloudy",1020.6,2022-12-26T06:31:18,2022-12-26T17:22:48
2022-12-27,19.1,77.8,0.3,8.33,15.7,133.9,92.9,85.1,"Rain, Overcast",1019.8,2022-12-27T06:31:43,2022-12-27T17:23:22
2022-12-28,15.1,80.4,9.636,8.33,22.3,39.7,85.9,21.9,"Rain, Partially cloudy",1022.3,2022-12-28T06:32:08,2022-12-28T17:23:57
2022-12-29,13.6,65.2,0.1,4.17,14.8,8.1,97.5,50.5,"Rain, Overcast",1026.3,2022-12-29T06:32:32,2022-12-29T17:24:32
2022-12-30,14.2,66.0,0.0,0.0,16.6,357.7,85.8,86.6,Partially cloudy,1026.7,2022-12-30T06:32:54,2022-12-30T17:25:08
2022-12-31,15.2,63.7,0.0,0.0,11.2,12.4,78.4,130.5,Partially cloudy,1025.5,2022-12-31T06:33:16,2022-12-31T17:25:44
2023-01-01,16.9,67.4,0.0,0.0,13.0,332.7,28.4,188.8,Partially cloudy,1023.7,2023-01-01T06:33:36,2023-01-01T17:26:21
2023-01-02,18.0,70.0,0.0,0.0,14.8,35.3,68.7,36.3,Partially cloudy,1024.1,2023-01-02T06:33:55,2023-01-02T17:26:59
2023-01-03,18.1,67.6,0.021,8.33,16.6,38.1,70.0,55.7,"Rain, Partially cloudy",1024.6,2023-01-03T06:34:14,2023-01-03T17:27:37
2023-01-04,18.8,71.3,0.0,0.0,14.8,118.8,53.5,101.3,Partially cloudy,1022.5,2023-01-04T06:34:31,2023-01-04T17:28:15
2023-01-05,19.2,76.1,0.0,0.0,14.8,65.1,79.6,68.9,Partially cloudy,1023.1,2023-01-05T06:34:46,2023-01-05T17:28:54
2023-01-06,20.3,57.5,0.0,0.0,25.9,10.7,49.9,171.9,Partially cloudy,1024.8,2023-01-06T06:35:01,2023-01-06T17:29:33
2023-01-07,17.8,59.5,0.0,0.0,9.4,317.6,30.2,149.5,Partially cloudy,1021.1,2023-01-07T06:35:14,2023-01-07T17:30:12
2023-01-08,19.2,64.4,0.2,4.17,14.8,218.4,23.6,157.2,"Rain, Partially cloudy",1019.0,2023-01-08T06:35:26,2023-01-08T17:30:52
2023-01-09,20.3,74.2,0.002,4.17,13.0,70.5,51.2,132.6,"Rain, Partially cloudy",1018.9,2023-01-09T06:35:37,2023-01-09T17:31:32
2023-01-10,20.1,83.5,1.242,4.17,14.8,38.7,78.4,52.8,"Rain, Partially cloudy",1017.9,2023-01-10T06:35:47,2023-01-10T17:32:12
2023-01-11,19.4,89.9,4.617,12.5,11.2,52.2,88.5,25.2,"Rain, Partially cloudy",1015.3,2023-01-11T06:35:55,2023-01-11T17:32:53
2023-01-12,20.8,84.0,0.087,8.33,18.4,124.8,89.6,84.9,"Rain, Partially cloudy",1011.8,2023-01-12T06:36:02,2023-01-12T17:33:33
2023-01-13,22.8,80.7,0.0,0.0,16.6,118.7,55.4,160.2,Partially cloudy,1008.5,2023-01-13T06:36:08,2023-01-13T17:34:14
2023-01-14,24.3,71.2,0.0,0.0,14.8,56.3,35.5,200.1,Partially cloudy,1006.1,2023-01-14T06:36:12,2023-01-14T17:34:55
2023-01-15,19.7,74.0,0.01,4.17,29.5,56.6,82.0,45.4,"Rain, Partially cloudy",1012.8,2023-01-15T06:36:15,2023-01-15T17:35:36
2023-01-16,13.8,50.4,0.0,0.0,20.5,38.1,99.0,55.2,Overcast,1021.8,2023-01-16T06:36:17,2023-01-16T17:36:16
2023-01-17,12.8,61.1,0.0,0.0,18.4,20.8,100.0,85.6,Overcast,1024.1,2023-01-17T06:36:18,2023-01-17T17:36:57
2023-01-18,14.7,56.0,0.0,0.0,14.8,6.3,94.6,116.6,Overcast,1025.1,2023-01-18T06:36:17,2023-01-18T17:37:38
2023-01-19,15.1,61.2,0.0,0.0,14.8,37.4,100.0,127.1,Overcast,1023.2,2023-01-19T06:36:14,2023-01-19T17:38:18
2023-01-20,15.7,66.3,0.0,0.0,9.4,323.0,98.2,121.3,Overcast,1021.9,2023-01-20T06:36:11,2023-01-20T17:38:59
2023-01-21,17.5,68.7,0.0,0.0,14.8,132.6,66.9,177.8,Partially cloudy,1017.7,2023-01-21T06:36:06,2023-01-21T17:39:39
2023-01-22,17.7,81.6,0.0,0.0,9.4,75.3,85.6,105.0,Partially cloudy,1015.0,2023-01-22T06:36:00,2023-01-22T17:40:19
2023-01-23,20.0,76.8,1.0,33.33,25.9,75.2,90.3,88.5,"Rain, Overcast",1015.3,2023-01-23T06:35:52,2023-01-23T17:40:59
2023-01-24,17.0,46.1,0.8,12.5,29.5,16.4,67.1,126.7,"Rain, Partially cloudy",1025.4,2023-01-24T06:35:43,2023-01-24T17:41:39
2023-01-25,14.0,54.7,0.0,0.0,16.6,112.4,8.1,222.6,Clear,1021.3,2023-01-25T06:35:33,2023-01-25T17:42:18
2023-01-26,15.1,77.3,0.3,8.33,13.0,50.3,90.9,124.6,"Rain, Overcast",1016.9,2023-01-26T06:35:21,2023-01-26T17:42:58
2023-01-27,15.4,60.3,3.67,8.33,25.9,10.7,80.7,48.4,"Rain, Partially cloudy",1024.1,2023-01-27T06:35:09,2023-01-27T17:43:37
2023-01-28,15.3,39.8,0.0,0.0,16.6,50.1,21.0,219.9,Partially cloudy,1024.4,2023-01-28T06:34:54,2023-01-28T17:44:15
2023-01-29,14.4,50.9,0.0,0.0,9.4,10.6,7.8,225.5,Clear,1024.4,2023-01-29T06:34:39,2023-01-29T17:44:53
2023-01-30,15.2,56.5,0.0,0.0,14.8,113.3,3.4,226.6,Clear,1021.4,2023-01-30T06:34:22,2023-01-30T17:45:31
2023-01-31,16.3,62.7,0.0,0.0,18.4,113.4,1.4,225.6,Clear,1015.2,2023-01-31T06:34:04,2023-01-31T17:46:09
2023-02-01,18.4,79.1,0.0,0.0,16.6,121.9,75.8,159.4,Partially cloudy,1012.9,2023-02-01T06:33:45,2023-02-01T17:46:46
2023-02-02,20.8,84.8,3.0,54.17,9.4,153.9,96.1,45.6,"Rain, Overcast",1015.5,2023-02-02T06:33:25,2023-02-02T17:47:22
2023-02-03,20.4,95.1,5.097,16.67,13.0,146.5,94.5,19.1,"Rain, Overcast",1015.5,2023-02-03T06:33:03,2023-02-03T17:47:59
2023-02-04,20.4,94.2,1.588,12.5,16.6,135.6,99.2,38.0,"Rain, Overcast",1013.1,2023-02-04T06:32:40,2023-02-04T17:48:35
2023-02-05,20.8,94.6,5.161,8.33,18.4,123.2,95.6,34.2,"Rain, Overcast",1011.8,2023-02-05T06:32:16,2023-02-05T17:49:10
2023-02-06,20.4,94.7,0.593,4.17,24.1,129.7,100.0,42.7,"Rain, Overcast",1011.1,2023-02-06T06:31:50,2023-02-06T17:49:45
2023-02-07,20.7,97.2,1.388,8.33,13.0,121.6,98.9,46.6,"Rain, Overcast",1011.8,2023-02-07T06:31:24,2023-02-07T17:50:19
2023-02-08,21.2,95.5,2.206,12.5,18.4,132.8,99.0,46.3,"Rain, Overcast",1011.8,2023-02-08T06:30:56,2023-02-08T17:50:53
2023-02-09,22.3,94.1,1.006,8.33,16.6,131.7,99.5,66.1,"Rain, Overcast",1012.3,2023-02-09T06:30:28,2023-02-09T17:51:27
2023-02-10,22.5,91.4,0.393,4.17,20.5,124.8,98.6,58.5,"Rain, Overcast",1011.6,2023-02-10T06:29:58,2023-02-10T17:52:00
2023-02-11,23.1,91.0,0.107,12.5,20.5,131.5,98.5,131.0,"Rain, Overcast",1008.9,2023-02-11T06:29:27,2023-02-11T17:52:33
2023-02-12,24.3,85.8,0.0,0.0,22.3,120.5,88.5,203.4,Partially cloudy,1008.2,2023-02-12T06:28:55,2023-02-12T17:53:05
2023-02-13,24.9,83.9,0.098,4.17,16.6,116.9,74.4,182.5,"Rain, Partially cloudy",1010.2,2023-02-13T06:28:22,2023-02-13T17:53:36
2023-02-14,19.2,68.2,1.097,8.33,27.7,46.4,99.9,45.1,"Rain, Overcast",1017.7,2023-02-14T06:27:47,2023-02-14T17:54:07
2023-02-15,17.0,59.5,0.0,0.0,18.4,36.5,100.0,73.5,Overcast,1022.7,2023-02-15T06:27:12,2023-02-15T17:54:38
2023-02-16,16.9,68.0,0.0,0.0,11.2,18.2,100.0,75.1,Overcast,1023.5,2023-02-16T06:26:36,2023-02-16T17:55:08
2023-02-17,17.9,77.0,0.0,0.0,10.6,79.6,96.4,147.1,Overcast,1019.9,2023-02-17T06:25:59,2023-02-17T17:55:37
2023-02-18,20.3,79.0,0.0,0.0,13.0,128.2,90.5,97.3,Overcast,1016.7,2023-02-18T06:25:21,2023-02-18T17:56:07
2023-02-19,20.4,83.3,1.081,4.17,16.6,347.1,82.1,78.8,"Rain, Partially cloudy",1019.0,2023-02-19T06:24:42,2023-02-19T17:56:35
2023-02-20,21.0,61.9,0.0,0.0,16.6,29.4,78.4,160.6,Partially cloudy,1018.7,2023-02-20T06:24:03,2023-02-20T17:57:03
2023-02-21,20.9,71.9,0.3,12.5,14.8,142.9,57.1,139.3,"Rain, Partially cloudy",1019.6,2023-02-21T06:23:22,2023-02-21T17:57:31
2023-02-22,20.6,70.8,0.0,0.0,16.6,143.3,80.6,131.0,Partially cloudy,1019.6,2023-02-22T06:22:40,2023-02-22T17:57:58
2023-02-23,20.4,76.7,0.0,0.0,16.6,131.3,76.8,117.1,Partially cloudy,1016.8,2023-02-23T06:21:58,2023-02-23T17:58:25
2023-02-24,19.2,77.9,0.498,4.17,20.5,52.7,97.5,43.8,"Rain, Overcast",1020.1,2023-02-24T06:21:15,2023-02-24T17:58:51
2023-02-25,19.8,49.9,0.0,0.0,18.4,20.7,36.1,196.5,Partially cloudy,1026.1,2023-02-25T06:20:31,2023-02-25T17:59:17
2023-02-26,17.8,58.6,0.0,0.0,14.8,72.6,0.8,254.7,Clear,1028.2,2023-02-26T06:19:47,2023-02-26T17:59:42
2023-02-27,18.1,63.4,0.0,0.0,13.0,123.5,9.7,253.7,Clear,1025.6,2023-02-27T06:19:01,2023-02-27T18:00:07
2023-02-28,19.1,71.7,0.0,0.0,16.6,129.6,37.2,167.7,Partially cloudy,1021.9,2023-02-28T06:18:15,2023-02-28T18:00:32
2023-03-01,19.0,84.0,0.1,4.17,9.4,96.6,81.5,89.7,"Rain, Partially cloudy",1021.6,2023-03-01T06:17:29,2023-03-01T18:00:56
2023-03-02,22.2,69.6,0.0,0.0,14.8,141.1,55.2,178.9,Partially cloudy,1022.5,2023-03-02T06:16:42,2023-03-02T18:01:20
2023-03-03,21.2,72.4,0.002,4.17,11.2,110.9,76.1,136.7,"Rain, Partially cloudy",1022.9,2023-03-03T06:15:54,2023-03-03T18:01:43
2023-03-04,20.4,69.6,0.0,0.0,14.8,22.5,81.4,162.1,Partially cloudy,1024.2,2023-03-04T06:15:05,2023-03-04T18:02:06
2023-03-05,20.8,71.4,0.1,4.17,18.4,143.5,53.6,170.0,"Rain, Partially cloudy",1022.0,2023-03-05T06:14:16,2023-03-05T18:02:29
2023-03-06,21.5,72.3,0.0,0.0,24.1,122.1,50.5,172.1,Partially cloudy,1019.3,2023-03-06T06:13:27,2023-03-06T18:02:51
2023-03-07,22.0,69.7,0.2,8.33,22.3,136.0,88.7,104.3,"Rain, Partially cloudy",1018.2,2023-03-07T06:12:37,2023-03-07T18:03:13
2023-03-08,21.6,82.1,0.1,4.17,18.4,119.9,93.6,124.5,"Rain, Overcast",1018.4,2023-03-08T06:11:46,2023-03-08T18:03:34
2023-03-09,23.5,76.1,0.1,4.17,18.4,108.8,48.0,182.6,"Rain, Partially cloudy",1018.0,2023-03-09T06:10:55,2023-03-09T18:03:56
2023-03-10,23.3,75.1,0.0,0.0,22.3,122.8,41.9,207.9,Partially cloudy,1014.8,2023-03-10T06:10:04,2023-03-10T18:04:17
2023-03-11,21.7,86.4,0.7,20.83,16.6,116.6,90.1,81.8,"Rain, Overcast",1016.1,2023-03-11T06:09:12,2023-03-11T18:04:37
2023-03-12,23.3,77.1,0.098,4.17,25.9,53.2,67.2,142.8,"Rain, Partially cloudy",1018.7,2023-03-12T06:08:20,2023-03-12T18:04:58
2023-03-13,19.6,60.9,0.016,4.17,22.3,17.6,79.6,79.2,"Rain, Partially cloudy",1021.4,2023-03-13T06:07:28,2023-03-13T18:05:18
2023-03-14,20.7,68.7,0.0,0.0,16.6,132.3,36.7,239.7,Partially cloudy,1014.2,2023-03-14T06:06:35,2023-03-14T18:05:38
2023-03-15,21.6,85.2,0.098,4.17,18.4,122.5,84.3,111.6,"Rain, Partially cloudy",1014.2,2023-03-15T06:05:42,2023-03-15T18:05:57
2023-03-16,23.8,79.2,0.526,8.33,18.4,142.7,81.6,107.4,"Rain, Partially cloudy",1015.4,2023-03-16T06:04:49,2023-03-16T18:06:17
2023-03-17,23.5,83.1,0.0,0.0,20.5,126.5,90.0,150.1,Partially cloudy,1014.1,2023-03-17T06:03:55,2023-03-17T18:06:36
2023-03-18,23.3,82.8,0.4,16.67,18.4,134.0,98.2,90.3,"Rain, Overcast",1012.9,2023-03-18T06:03:02,2023-03-18T18:06:55
2023-03-19,24.1,79.7,0.1,4.17,18.4,133.3,94.7,125.9,"Rain, Overcast",1011.0,2023-03-19T06:02:08,2023-03-19T18:07:14
2023-03-20,24.9,83.6,0.1,4.17,22.3,129.1,96.9,131.3,"Rain, Overcast",1007.9,2023-03-20T06:01:14,2023-03-20T18:07:33
2023-03-21,25.7,86.1,0.103,8.33,20.5,113.3,91.7,202.0,"Rain, Overcast",1005.5,2023-03-21T06:00:20,2023-03-21T18:07:52
2023-03-22,27.5,80.1,0.0,0.0,20.5,101.3,55.4,260.2,Partially cloudy,1003.2,2023-03-22T05:59:25,2023-03-22T18:08:10
2023-03-23,27.2,81.0,0.1,4.17,20.5,99.3,80.6,268.8,"Rain, Partially cloudy",1003.3,2023-03-23T05:58:31,2023-03-23T18:08:29
2023-03-24,26.8,81.1,0.0,0.0,22.3,102.8,92.5,265.0,Overcast,1005.8,2023-03-24T05:57:37,2023-03-24T18:08:47
2023-03-25,25.0,88.1,1.67,4.17,20.5,117.5,95.4,73.3,"Rain, Overcast",1009.2,2023-03-25T05:56:42,2023-03-25T18:09:05
2023-03-26,19.6,84.6,2.103,12.5,20.5,48.4,99.9,57.2,"Rain, Overcast",1011.7,2023-03-26T05:55:48,2023-03-26T18:09:24
2023-03-27,18.8,79.4,1.227,16.67,14.8,34.7,99.7,52.7,"Rain, Overcast",1014.8,2023-03-27T05:54:54,2023-03-27T18:09:42
2023-03-28,18.7,74.8,0.007,4.17,16.6,43.5,99.1,53.8,"Rain, Overcast",1016.4,2023-03-28T05:53:59,2023-03-28T18:10:00
2023-03-29,19.1,81.9,1.379,8.33,13.0,45.7,95.6,113.2,"Rain, Overcast",1014.7,2023-03-29T05:53:05,2023-03-29T18:10:18
2023-03-30,19.4,81.1,0.758,16.67,14.8,65.8,100.0,102.3,"Rain, Overcast",1012.4,2023-03-30T05:52:11,2023-03-30T18:10:36
2023-03-31,20.3,90.3,1.296,12.5,7.6,97.9,95.6,82.5,"Rain, Overcast",1011.4,2023-03-31T05:51:17,2023-03-31T18:10:54
2023-04-01,21.1,95.3,1.284,12.5,7.2,101.6,95.8,85.9,"Rain, Overcast",1009.7,2023-04-01T05:50:23,2023-04-01T18:11:12
2023-04-02,23.8,92.6,0.402,12.5,16.6,120.7,96.3,137.1,"Rain, Overcast",1006.9,2023-04-02T05:49:29,2023-04-02T18:11:30
2023-04-03,25.9,86.7,0.098,4.17,20.5,114.5,94.8,226.7,"Rain, Overcast",1005.3,2023-04-03T05:48:36,2023-04-03T18:11:49
2023-04-04,26.6,83.8,0.002,4.17,16.6,106.1,95.0,248.6,"Rain, Overcast",1004.0,2023-04-04T05:47:43,2023-04-04T18:12:07
2023-04-05,27.4,80.1,0.0,0.0,20.5,108.0,91.8,282.2,Overcast,1004.8,2023-04-05T05:46:50,2023-04-05T18:12:25
2023-04-06,27.9,78.7,0.5,12.5,20.5,110.3,93.5,164.6,"Rain, Overcast",1008.3,2023-04-06T05:45:57,2023-04-06T18:12:44
2023-04-07,23.8,62.0,0.0,0.0,18.4,63.6,89.3,84.8,Partially cloudy,1013.8,2023-04-07T05:45:05,2023-04-07T18:13:02
2023-04-08,20.9,72.7,0.022,8.33,22.3,33.0,100.0,46.1,"Rain, Overcast",1018.9,2023-04-08T05:44:12,2023-04-08T18:13:21
2023-04-09,19.0,85.5,0.012,4.17,11.2,65.4,99.9,68.4,"Rain, Overcast",1017.1,2023-04-09T05:43:21,2023-04-09T18:13:40
2023-04-10,20.4,91.3,0.594,8.33,9.4,58.9,99.5,98.2,"Rain, Overcast",1011.8,2023-04-10T05:42:29,2023-04-10T18:13:58
2023-04-11,22.8,92.7,0.501,8.33,9.4,50.7,98.5,111.3,"Rain, Overcast",1009.3,2023-04-11T05:41:38,2023-04-11T18:14:17
2023-04-12,24.3,94.4,4.312,8.33,14.8,125.1,96.6,76.9,"Rain, Overcast",1009.7,2023-04-12T05:40:48,2023-04-12T18:14:36
2023-04-13,24.0,96.2,3.052,12.5,18.4,124.0,98.9,103.3,"Rain, Overcast",1008.7,2023-04-13T05:39:58,2023-04-13T18:14:56
2023-04-14,24.4,96.0,1.992,12.5,14.8,104.3,97.4,78.9,"Rain, Overcast",1008.2,2023-04-14T05:39:08,2023-04-14T18:15:15
2023-04-15,25.7,87.3,9.279,16.67,14.8,55.8,79.3,65.1,"Rain, Partially cloudy",1010.6,2023-04-15T05:38:19,2023-04-15T18:15:35
2023-04-16,25.9,79.2,0.002,4.17,14.8,145.4,50.1,199.2,"Rain, Partially cloudy",1009.1,2023-04-16T05:37:30,2023-04-16T18:15:55
2023-04-17,25.5,86.6,0.0,0.0,20.5,118.5,83.8,181.5,Partially cloudy,1006.9,2023-04-17T05:36:42,2023-04-17T18:16:15
2023-04-18,27.2,88.3,0.0,0.0,18.4,113.2,95.8,243.9,Overcast,1004.8,2023-04-18T05:35:55,2023-04-18T18:16:35
2023-04-19,28.2,82.3,0.0,0.0,16.6,111.4,86.4,272.5,Partially cloudy,1001.9,2023-04-19T05:35:08,2023-04-19T18:16:55
2023-04-20,27.7,82.3,0.0,0.0,18.4,121.7,91.4,193.7,Overcast,1001.0,2023-04-20T05:34:21,2023-04-20T18:17:16
2023-04-21,28.3,81.9,0.0,0.0,20.5,117.7,87.4,234.0,Partially cloudy,1001.4,2023-04-21T05:33:36,2023-04-21T18:17:36
2023-04-22,28.2,83.4,0.0,0.0,20.5,112.0,85.0,271.4,Partially cloudy,1003.7,2023-04-22T05:32:50,2023-04-22T18:17:57
2023-04-23,28.4,82.0,0.0,0.0,20.5,120.9,79.4,218.8,Partially cloudy,1007.8,2023-04-23T05:32:06,2023-04-23T18:18:19
2023-04-24,28.4,82.1,12.5,37.5,24.1,123.7,73.7,140.9,"Rain, Partially cloudy",1010.2,2023-04-24T05:31:22,2023-04-24T18:18:40
2023-04-25,21.8,86.8,3.965,4.17,25.9,57.7,92.7,47.2,"Rain, Overcast",1013.9,2023-04-25T05:30:39,2023-04-25T18:19:02
2023-04-26,22.8,71.6,0.6,12.5,9.4,318.8,56.6,197.4,"Rain, Partially cloudy",1014.2,2023-04-26T05:29:57,2023-04-26T18:19:24
2023-04-27,25.2,76.1,0.0,0.0,24.1,114.5,37.6,208.7,Partially cloudy,1011.1,2023-04-27T05:29:15,2023-04-27T18:19:46
2023-04-28,26.6,84.9,0.035,4.17,22.3,126.2,89.7,174.3,"Rain, Partially cloudy",1009.8,2023-04-28T05:28:35,2023-04-28T18:20:08
2023-04-29,25.4,83.0,53.402,8.33,18.4,89.8,90.0,109.0,"Rain, Partially cloudy",1011.2,2023-04-29T05:27:55,2023-04-29T18:20:30
2023-04-30,23.5,72.2,0.508,8.33,13.0,40.2,80.3,217.2,"Rain, Partially cloudy",1013.2,2023-04-30T05:27:15,2023-04-30T18:20:53
2023-05-01,25.5,71.3,0.0,0.0,18.4,110.0,50.4,221.3,Partially cloudy,1011.7,2023-05-01T05:26:37,2023-05-01T18:21:16
2023-05-02,26.0,79.7,0.0,0.0,18.4,135.5,69.7,186.8,Partially cloudy,1011.3,2023-05-02T05:26:00,2023-05-02T18:21:39
2023-05-03,28.0,80.3,0.1,4.17,25.9,137.1,73.2,196.8,"Rain, Partially cloudy",1009.4,2023-05-03T05:25:23,2023-05-03T18:22:03
2023-05-04,29.0,82.2,0.0,0.0,25.9,121.0,74.5,252.4,Partially cloudy,1004.2,2023-05-04T05:24:47,2023-05-04T18:22:26
2023-05-05,30.1,80.4,0.0,0.0,18.4,101.4,47.6,309.0,Partially cloudy,999.7,2023-05-05T05:24:12,2023-05-05T18:22:50
2023-05-06,31.6,76.5,0.0,0.0,22.3,110.6,28.3,312.7,Partially cloudy,998.4,2023-05-06T05:23:38,2023-05-06T18:23:14
2023-05-07,30.7,78.6,2.7,16.67,27.7,111.1,70.9,282.9,"Rain, Partially cloudy",1001.3,2023-05-07T05:23:05,2023-05-07T18:23:38
2023-05-08,25.2,87.1,26.352,16.67,18.4,59.7,91.2,67.1,"Rain, Overcast",1008.0,2023-05-08T05:22:33,2023-05-08T18:24:03
2023-05-09,23.4,90.3,11.594,4.17,14.8,69.4,98.2,115.8,"Rain, Overcast",1010.5,2023-05-09T05:22:02,2023-05-09T18:24:27
2023-05-10,26.8,88.8,0.295,4.17,14.8,102.7,92.8,187.4,"Rain, Overcast",1009.3,2023-05-10T05:21:32,2023-05-10T18:24:52
2023-05-11,27.4,81.1,0.107,12.5,25.9,78.3,86.4,128.6,"Rain, Partially cloudy",1011.2,2023-05-11T05:21:02,2023-05-11T18:25:17
2023-05-12,26.1,64.8,0.052,8.33,22.3,42.5,96.6,121.6,"Rain, Overcast",1014.1,2023-05-12T05:20:34,2023-05-12T18:25:42
2023-05-13,23.6,73.8,0.197,12.5,16.6,47.4,99.0,102.8,"Rain, Overcast",1014.2,2023-05-13T05:20:07,2023-05-13T18:26:07
2023-05-14,23.3,83.3,0.197,4.17,13.0,332.7,94.4,189.2,"Rain, Overcast",1012.7,2023-05-14T05:19:41,2023-05-14T18:26:32
2023-05-15,26.7,77.7,1.1,4.17,24.1,122.6,52.4,228.2,"Rain, Partially cloudy",1009.0,2023-05-15T05:19:16,2023-05-15T18:26:58
2023-05-16,29.7,76.5,0.197,4.17,20.5,124.7,65.7,284.8,"Rain, Partially cloudy",1005.1,2023-05-16T05:18:52,2023-05-16T18:27:23
2023-05-17,32.3,64.3,0.0,0.0,18.4,102.9,7.4,317.3,Clear,1002.9,2023-05-17T05:18:29,2023-05-17T18:27:49
2023-05-18,32.8,62.3,0.0,0.0,14.8,80.4,6.9,309.9,Clear,1002.8,2023-05-18T05:18:07,2023-05-18T18:28:14
2023-05-19,31.0,75.1,0.0,0.0,20.5,104.3,34.9,282.0,Partially cloudy,1003.5,2023-05-19T05:17:46,2023-05-19T18:28:40
2023-05-20,30.6,79.6,0.098,4.17,22.3,113.1,61.7,270.7,"Rain, Partially cloudy",1003.9,2023-05-20T05:17:26,2023-05-20T18:29:05
2023-05-21,31.5,79.9,0.0,0.0,24.1,110.6,58.9,299.2,Partially cloudy,1004.5,2023-05-21T05:17:07,2023-05-21T18:29:31
2023-05-22,32.3,75.9,0.0,0.0,22.3,104.3,24.8,309.0,Partially cloudy,1003.9,2023-05-22T05:16:49,2023-05-22T18:29:56
2023-05-23,30.7,79.0,0.098,4.17,22.3,100.6,59.6,158.3,"Rain, Partially cloudy",1004.9,2023-05-23T05:16:33,2023-05-23T18:30:22
2023-05-24,28.4,84.0,3.734,4.17,22.3,114.6,86.0,114.6,"Rain, Partially cloudy",1006.6,2023-05-24T05:16:17,2023-05-24T18:30:47
2023-05-25,27.7,84.9,7.754,12.5,16.6,114.6,63.6,216.3,"Rain, Partially cloudy",1007.5,2023-05-25T05:16:03,2023-05-25T18:31:13
2023-05-26,28.3,84.3,4.733,8.33,22.3,111.9,59.6,188.6,"Rain, Partially cloudy",1007.9,2023-05-26T05:15:49,2023-05-26T18:31:38
2023-05-27,29.5,82.1,0.011,8.33,24.1,110.8,50.3,216.8,"Rain, Partially cloudy",1006.7,2023-05-27T05:15:37,2023-05-27T18:32:03
2023-05-28,29.9,79.9,0.115,8.33,18.4,114.6,55.3,266.7,"Rain, Partially cloudy",1007.4,2023-05-28T05:15:26,2023-05-28T18:32:28
2023-05-29,30.9,74.8,0.009,4.17,16.6,116.5,30.3,294.6,"Rain, Partially cloudy",1007.7,2023-05-29T05:15:16,2023-05-29T18:32:53
2023-05-30,31.6,71.1,0.0,0.0,16.6,113.3,16.0,304.8,Clear,1005.7,2023-05-30T05:15:07,2023-05-30T18:33:18
2023-05-31,31.8,70.6,0.0,0.0,22.3,114.8,15.5,310.7,Clear,1002.7,2023-05-31T05:14:59,2023-05-31T18:33:42
2023-06-01,31.9,75.9,0.0,0.0,25.9,105.6,33.4,265.1,Partially cloudy,1001.0,2023-06-01T05:14:52,2023-06-01T18:34:06
2023-06-02,32.5,73.1,0.2,4.17,22.3,111.9,52.1,267.5,"Rain, Partially cloudy",1001.8,2023-06-02T05:14:46,2023-06-02T18:34:30
2023-06-03,30.6,70.2,1.965,4.17,25.9,110.8,49.1,286.3,"Rain, Partially cloudy",1004.9,2023-06-03T05:14:41,2023-06-03T18:34:54
2023-06-04,30.4,72.6,2.948,4.17,22.3,120.4,69.1,161.3,"Rain, Partially cloudy",1005.0,2023-06-04T05:14:37,2023-06-04T18:35:17
2023-06-05,29.7,77.8,8.2,62.5,14.8,102.7,71.4,193.0,"Rain, Partially cloudy",1004.9,2023-06-05T05:14:35,2023-06-05T18:35:40
2023-06-06,28.9,83.0,16.983,8.33,18.4,346.2,60.0,162.7,"Rain, Partially cloudy",1005.6,2023-06-06T05:14:33,2023-06-06T18:36:03
2023-06-07,31.0,71.2,0.3,12.5,22.3,56.8,67.4,229.6,"Rain, Partially cloudy",1005.0,2023-06-07T05:14:33,2023-06-07T18:36:25
2023-06-08,30.3,80.4,5.8,29.17,27.7,65.9,66.7,229.1,"Rain, Partially cloudy",1003.9,2023-06-08T05:14:33,2023-06-08T18:36:46
2023-06-09,28.9,80.8,51.72,16.67,18.4,287.5,73.7,116.4,"Rain, Partially cloudy",1003.2,2023-06-09T05:14:35,2023-06-09T18:37:08
2023-06-10,31.7,70.4,0.1,4.17,16.6,304.1,47.2,284.8,"Rain, Partially cloudy",1001.3,2023-06-10T05:14:37,2023-06-10T18:37:28
2023-06-11,32.0,73.4,0.6,8.33,20.5,106.3,43.8,291.2,"Rain, Partially cloudy",1000.9,2023-06-11T05:14:40,2023-06-11T18:37:49
2023-06-12,30.4,80.1,0.695,4.17,18.4,116.7,63.9,234.7,"Rain, Partially cloudy",1001.5,2023-06-12T05:14:45,2023-06-12T18:38:08
2023-06-13,29.4,81.2,0.284,4.17,18.4,309.7,66.4,157.1,"Rain, Partially cloudy",1001.9,2023-06-13T05:14:50,2023-06-13T18:38:27
2023-06-14,27.3,87.3,27.077,8.33,13.0,6.0,87.1,163.0,"Rain, Partially cloudy",1004.5,2023-06-14T05:14:56,2023-06-14T18:38:46
2023-06-15,29.5,80.2,0.489,4.17,13.9,133.2,65.7,191.0,"Rain, Partially cloudy",1003.4,2023-06-15T05:15:03,2023-06-15T18:39:04
2023-06-16,31.2,75.8,4.2,16.67,20.5,113.4,70.5,203.3,"Rain, Partially cloudy",1001.8,2023-06-16T05:15:11,2023-06-16T18:39:21
2023-06-17,31.0,77.9,0.9,12.5,24.1,118.7,70.8,231.9,"Rain, Partially cloudy",1002.9,2023-06-17T05:15:20,2023-06-17T18:39:37
2023-06-18,28.4,84.3,15.895,8.33,18.5,113.6,83.2,191.8,"Rain, Partially cloudy",1004.0,2023-06-18T05:15:30,2023-06-18T18:39:53
2023-06-19,28.8,87.0,0.2,8.33,13.0,80.5,70.4,172.2,"Rain, Partially cloudy",1003.4,2023-06-19T05:15:40,2023-06-19T18:40:08
2023-06-20,30.4,79.2,6.583,4.17,22.3,94.0,58.9,221.4,"Rain, Partially cloudy",1003.2,2023-06-20T05:15:52,2023-06-20T18:40:23
2023-06-21,28.7,83.1,18.766,4.17,37.1,86.1,80.0,225.5,"Rain, Partially cloudy",1004.3,2023-06-21T05:16:04,2023-06-21T18:40:36
2023-06-22,30.0,81.2,17.685,4.17,9.4,67.1,68.4,190.3,"Rain, Partially cloudy",1003.4,2023-06-22T05:16:17,2023-06-22T18:40:49
2023-06-23,27.7,84.0,1.221,8.33,20.5,63.6,74.2,128.4,"Rain, Partially cloudy",1003.9,2023-06-23T05:16:31,2023-06-23T18:41:01
2023-06-24,26.5,93.1,40.441,12.5,11.2,85.4,90.7,42.5,"Rain, Overcast",1003.7,2023-06-24T05:16:45,2023-06-24T18:41:12
2023-06-25,26.1,92.3,29.685,12.5,11.2,339.8,90.1,40.6,"Rain, Overcast",1005.3,2023-06-25T05:17:00,2023-06-25T18:41:22
2023-06-26,27.4,87.2,14.031,12.5,18.4,104.8,77.0,69.2,"Rain, Partially cloudy",1006.3,2023-06-26T05:17:16,2023-06-26T18:41:32
2023-06-27,27.8,87.1,0.1,8.33,22.3,109.2,85.1,106.8,"Rain, Partially cloudy",1007.2,2023-06-27T05:17:32,2023-06-27T18:41:40
2023-06-28,29.6,81.1,6.504,12.5,20.5,131.8,67.8,249.3,"Rain, Partially cloudy",1007.4,2023-06-28T05:17:49,2023-06-28T18:41:48
2023-06-29,31.2,77.8,0.2,8.33,24.1,135.1,60.7,277.3,"Rain, Partially cloudy",1004.3,2023-06-29T05:18:06,2023-06-29T18:41:54
2023-06-30,31.9,79.1,0.0,0.0,20.5,113.5,81.6,274.8,Partially cloudy,1001.8,2023-06-30T05:18:24,2023-06-30T18:42:00
2023-07-01,32.0,77.8,0.393,4.17,18.4,108.2,75.2,249.2,"Rain, Partially cloudy",1001.9,2023-07-01T05:18:43,2023-07-01T18:42:04
2023-07-02,30.9,77.6,0.098,4.17,18.4,103.3,66.6,266.7,"Rain, Partially cloudy",1003.0,2023-07-02T05:19:02,2023-07-02T18:42:08
2023-07-03,30.7,81.0,1.965,4.17,22.3,103.5,81.1,172.5,"Rain, Partially cloudy",1003.6,2023-07-03T05:19:22,2023-07-03T18:42:11
2023-07-04,30.5,77.7,2.7,37.5,22.3,90.3,65.7,258.7,"Rain, Partially cloudy",1004.1,2023-07-04T05:19:42,2023-07-04T18:42:12
2023-07-05,29.7,82.8,2.456,4.17,22.3,111.5,62.9,257.9,"Rain, Partially cloudy",1004.5,2023-07-05T05:20:02,2023-07-05T18:42:13
2023-07-06,31.7,74.1,0.197,4.17,24.1,133.9,31.5,295.9,"Rain, Partially cloudy",1004.7,2023-07-06T05:20:23,2023-07-06T18:42:12
2023-07-07,32.3,71.4,0.0,0.0,25.9,135.9,29.9,299.3,Partially cloudy,1004.8,2023-07-07T05:20:44,2023-07-07T18:42:10
2023-07-08,30.1,79.9,0.098,4.17,22.3,129.8,62.3,280.2,"Rain, Partially cloudy",1006.5,2023-07-08T05:21:06,2023-07-08T18:42:08
2023-07-09,30.0,75.7,0.098,4.17,18.4,126.2,66.1,233.6,"Rain, Partially cloudy",1007.1,2023-07-09T05:21:27,2023-07-09T18:42:04
2023-07-10,31.0,72.7,15.529,8.33,25.9,125.7,60.5,270.1,"Rain, Partially cloudy",1006.1,2023-07-10T05:21:50,2023-07-10T18:41:59
2023-07-11,31.5,73.0,5.6,4.17,27.7,133.8,43.5,288.5,"Rain, Partially cloudy",1005.0,2023-07-11T05:22:12,2023-07-11T18:41:53
2023-07-12,32.0,69.6,0.0,0.0,31.7,143.8,33.6,295.3,Partially cloudy,1004.4,2023-07-12T05:22:35,2023-07-12T18:41:46
2023-07-13,30.8,72.9,1.277,4.17,20.5,104.1,46.2,299.9,"Rain, Partially cloudy",1003.5,2023-07-13T05:22:57,2023-07-13T18:41:38
2023-07-14,30.7,77.6,0.175,4.17,25.9,89.5,66.5,256.4,"Rain, Partially cloudy",1002.9,2023-07-14T05:23:20,2023-07-14T18:41:29
2023-07-15,30.6,77.0,0.175,4.17,18.4,315.5,55.5,225.0,"Rain, Partially cloudy",1002.2,2023-07-15T05:23:43,2023-07-15T18:41:18
2023-07-16,31.9,70.8,0.002,4.17,13.0,298.8,77.8,272.4,"Rain, Partially cloudy",1000.1,2023-07-16T05:24:07,2023-07-16T18:41:07
2023-07-17,33.2,60.3,0.1,4.17,16.6,319.7,72.5,241.8,"Rain, Partially cloudy",997.8,2023-07-17T05:24:30,2023-07-17T18:40:54
2023-07-18,28.4,73.7,2.653,4.17,24.1,304.5,92.6,77.5,"Rain, Overcast",998.2,2023-07-18T05:24:54,2023-07-18T18:40:40
2023-07-19,26.4,89.0,14.591,16.67,13.0,81.4,91.5,113.8,"Rain, Overcast",1003.6,2023-07-19T05:25:17,2023-07-19T18:40:25
2023-07-20,27.5,88.9,7.175,12.5,9.4,45.7,56.4,87.7,"Rain, Partially cloudy",1006.3,2023-07-20T05:25:41,2023-07-20T18:40:09
2023-07-21,29.2,81.6,4.8,33.33,9.4,34.3,63.6,146.7,"Rain, Partially cloudy",1008.6,2023-07-21T05:26:04,2023-07-21T18:39:52
2023-07-22,30.9,73.7,0.007,4.17,16.6,131.2,56.2,267.7,"Rain, Partially cloudy",1009.3,2023-07-22T05:26:28,2023-07-22T18:39:33
2023-07-23,31.7,69.6,0.0,0.0,16.6,137.6,24.3,282.3,Partially cloudy,1007.8,2023-07-23T05:26:52,2023-07-23T18:39:14
2023-07-24,31.7,69.7,0.0,0.0,14.8,139.2,38.3,289.0,Partially cloudy,1006.1,2023-07-24T05:27:15,2023-07-24T18:38:53
2023-07-25,32.0,67.9,0.0,0.0,14.8,124.0,51.4,266.3,Partially cloudy,1005.4,2023-07-25T05:27:39,2023-07-25T18:38:32
2023-07-26,32.1,68.7,0.0,0.0,22.3,114.9,49.2,304.0,Partially cloudy,1003.6,2023-07-26T05:28:02,2023-07-26T18:38:09
2023-07-27,32.3,71.1,2.4,8.33,11.2,81.9,46.7,285.2,"Rain, Partially cloudy",1000.2,2023-07-27T05:28:25,2023-07-27T18:37:45
2023-07-28,29.3,80.0,0.098,4.17,18.4,313.6,74.3,238.5,"Rain, Partially cloudy",998.7,2023-07-28T05:28:48,2023-07-28T18:37:20
2023-07-29,30.5,79.9,2.751,4.17,11.2,328.7,53.7,207.5,"Rain, Partially cloudy",1000.0,2023-07-29T05:29:11,2023-07-29T18:36:54
2023-07-30,30.2,83.0,11.987,4.17,16.6,95.1,59.4,138.0,"Rain, Partially cloudy",1001.4,2023-07-30T05:29:34,2023-07-30T18:36:27
2023-07-31,28.5,87.0,71.172,8.33,35.3,102.3,70.1,95.6,"Rain, Partially cloudy",1003.0,2023-07-31T05:29:57,2023-07-31T18:35:59
2023-08-01,28.0,87.5,3.697,12.5,14.8,86.3,83.1,85.3,"Rain, Partially cloudy",1002.9,2023-08-01T05:30:20,2023-08-01T18:35:30
2023-08-02,28.8,84.7,4.769,8.33,20.5,64.8,73.0,141.7,"Rain, Partially cloudy",1001.9,2023-08-02T05:30:42,2023-08-02T18:35:00
2023-08-03,28.5,86.6,12.941,12.5,20.5,342.2,59.9,118.5,"Rain, Partially cloudy",1001.2,2023-08-03T05:31:04,2023-08-03T18:34:28
2023-08-04,26.7,94.6,25.218,12.5,20.5,277.3,89.3,48.9,"Rain, Partially cloudy",1002.0,2023-08-04T05:31:26,2023-08-04T18:33:56
2023-08-05,27.4,90.2,55.223,12.5,11.2,230.9,86.3,125.0,"Rain, Partially cloudy",1001.3,2023-08-05T05:31:48,2023-08-05T18:33:23
2023-08-06,28.2,86.5,4.5,33.33,9.4,92.3,73.7,113.4,"Rain, Partially cloudy",998.7,2023-08-06T05:32:10,2023-08-06T18:32:49
2023-08-07,28.6,83.8,4.2,29.17,10.0,92.8,69.7,133.4,"Rain, Partially cloudy",998.3,2023-08-07T05:32:31,2023-08-07T18:32:13
2023-08-08,29.1,82.7,1.3,16.67,22.3,67.2,62.9,237.5,"Rain, Partially cloudy",1000.2,2023-08-08T05:32:52,2023-08-08T18:31:37
2023-08-09,30.4,78.5,4.8,16.67,11.2,71.4,57.6,233.7,"Rain, Partially cloudy",1002.2,2023-08-09T05:33:13,2023-08-09T18:31:00
2023-08-10,29.0,88.5,5.0,4.17,16.6,33.0,66.4,157.5,"Rain, Partially cloudy",1003.4,2023-08-10T05:33:34,2023-08-10T18:30:22
2023-08-11,27.7,93.0,78.857,8.33,11.6,81.3,71.7,119.9,"Rain, Partially cloudy",1002.2,2023-08-11T05:33:54,2023-08-11T18:29:44
2023-08-12,28.3,84.6,6.19,4.17,25.9,298.5,69.4,211.6,"Rain, Partially cloudy",1001.8,2023-08-12T05:34:15,2023-08-12T18:29:04
2023-08-13,29.8,78.8,3.0,25.0,16.6,101.7,53.5,239.9,"Rain, Partially cloudy",1002.1,2023-08-13T05:34:35,2023-08-13T18:28:23
2023-08-14,29.3,80.6,1.766,4.17,16.6,102.8,59.1,192.5,"Rain, Partially cloudy",1002.6,2023-08-14T05:34:54,2023-08-14T18:27:42
2023-08-15,28.4,83.8,10.916,8.33,14.8,340.9,56.4,101.9,"Rain, Partially cloudy",1004.4,2023-08-15T05:35:14,2023-08-15T18:27:00
2023-08-16,29.4,85.9,0.393,4.17,14.8,82.0,69.1,181.6,"Rain, Partially cloudy",1005.2,2023-08-16T05:35:33,2023-08-16T18:26:17
2023-08-17,31.7,77.6,0.2,8.33,13.9,95.1,53.6,240.8,"Rain, Partially cloudy",1004.5,2023-08-17T05:35:52,2023-08-17T18:25:33
2023-08-18,30.7,79.1,7.0,4.17,11.2,32.4,56.0,227.1,"Rain, Partially cloudy",1003.5,2023-08-18T05:36:10,2023-08-18T18:24:48
2023-08-19,29.3,88.9,1.038,12.5,11.2,31.4,56.3,146.2,"Rain, Partially cloudy",1004.4,2023-08-19T05:36:29,2023-08-19T18:24:03
2023-08-20,26.8,93.5,46.064,8.33,25.9,65.7,75.3,102.0,"Rain, Partially cloudy",1005.6,2023-08-20T05:36:47,2023-08-20T18:23:17
2023-08-21,28.9,84.0,2.5,25.0,13.0,106.0,70.5,219.9,"Rain, Partially cloudy",1006.2,2023-08-21T05:37:05,2023-08-21T18:22:30
2023-08-22,30.4,82.1,0.6,16.67,11.2,107.8,51.0,233.5,"Rain, Partially cloudy",1004.5,2023-08-22T05:37:22,2023-08-22T18:21:43
2023-08-23,30.8,78.8,5.2,25.0,27.7,70.4,61.3,184.6,"Rain, Partially cloudy",1002.8,2023-08-23T05:37:40,2023-08-23T18:20:54
2023-08-24,28.1,84.2,16.3,70.83,18.4,75.8,70.2,144.0,"Rain, Partially cloudy",1004.4,2023-08-24T05:37:57,2023-08-24T18:20:06
2023-08-25,29.1,84.5,0.535,12.5,20.5,116.5,72.0,178.5,"Rain, Partially cloudy",1004.8,2023-08-25T05:38:14,2023-08-25T18:19:16
2023-08-26,28.8,85.7,2.063,4.17,16.6,97.4,77.0,194.9,"Rain, Partially cloudy",1002.8,2023-08-26T05:38:31,2023-08-26T18:18:26
2023-08-27,30.8,79.1,17.685,4.17,13.0,80.3,60.3,237.1,"Rain, Partially cloudy",1000.1,2023-08-27T05:38:47,2023-08-27T18:17:36
2023-08-28,28.1,85.3,12.82,12.5,33.5,322.9,88.3,129.7,"Rain, Partially cloudy",1002.3,2023-08-28T05:39:04,2023-08-28T18:16:45
2023-08-29,28.9,74.1,0.0,0.0,18.4,32.8,73.0,239.5,Partially cloudy,1004.5,2023-08-29T05:39:20,2023-08-29T18:15:53
2023-08-30,29.8,61.9,0.0,0.0,14.8,20.0,47.2,252.9,Partially cloudy,1006.8,2023-08-30T05:39:36,2023-08-30T18:15:01
2023-08-31,29.7,62.1,0.0,0.0,20.5,1.2,12.7,258.0,Clear,1006.3,2023-08-31T05:39:51,2023-08-31T18:14:09
2023-09-01,30.3,65.3,0.0,0.0,16.6,317.1,23.4,236.7,Partially cloudy,1005.3,2023-09-01T05:40:07,2023-09-01T18:13:16
2023-09-02,31.5,63.8,0.0,0.0,14.8,323.2,43.1,252.2,Partially cloudy,1003.0,2023-09-02T05:40:22,2023-09-02T18:12:22
2023-09-03,28.5,74.2,0.098,4.17,18.4,40.7,86.7,56.7,"Rain, Partially cloudy",1002.8,2023-09-03T05:40:37,2023-09-03T18:11:28
2023-09-04,25.6,87.8,13.681,12.5,16.6,326.0,98.3,63.4,"Rain, Overcast",1005.5,2023-09-04T05:40:53,2023-09-04T18:10:34
2023-09-05,29.3,77.1,0.012,4.17,13.0,321.0,54.1,181.3,"Rain, Partially cloudy",1006.1,2023-09-05T05:41:07,2023-09-05T18:09:39
2023-09-06,30.8,72.2,0.2,8.33,14.8,346.9,37.1,236.7,"Rain, Partially cloudy",1006.6,2023-09-06T05:41:22,2023-09-06T18:08:45
2023-09-07,31.0,72.5,0.014,4.17,20.5,341.3,53.2,247.1,"Rain, Partially cloudy",1006.4,2023-09-07T05:41:37,2023-09-07T18:07:49
2023-09-08,28.8,81.3,35.869,4.17,25.9,341.2,71.2,204.1,"Rain, Partially cloudy",1006.4,2023-09-08T05:41:52,2023-09-08T18:06:54
2023-09-09,29.1,83.1,0.942,4.17,14.8,280.8,74.3,176.1,"Rain, Partially cloudy",1005.0,2023-09-09T05:42:06,2023-09-09T18:05:58
2023-09-10,29.3,82.3,14.738,8.33,11.2,13.6,60.4,182.8,"Rain, Partially cloudy",1004.1,2023-09-10T05:42:21,2023-09-10T18:05:02
2023-09-11,28.7,86.5,0.016,4.17,11.2,72.4,58.6,132.6,"Rain, Partially cloudy",1003.0,2023-09-11T05:42:35,2023-09-11T18:04:06
2023-09-12,28.4,88.0,0.005,4.17,11.2,57.5,64.1,50.6,"Rain, Partially cloudy",1003.5,2023-09-12T05:42:49,2023-09-12T18:03:09
2023-09-13,25.9,90.9,10.993,12.5,20.5,312.3,89.1,47.1,"Rain, Partially cloudy",1005.6,2023-09-13T05:43:04,2023-09-13T18:02:12
2023-09-14,24.3,94.4,65.248,16.67,14.8,318.2,93.7,25.8,"Rain, Overcast",1007.4,2023-09-14T05:43:18,2023-09-14T18:01:16
2023-09-15,25.9,86.5,2.935,12.5,14.8,324.4,79.8,62.4,"Rain, Partially cloudy",1008.7,2023-09-15T05:43:32,2023-09-15T18:00:19
2023-09-16,27.2,84.9,0.262,8.33,22.3,331.0,69.2,70.4,"Rain, Partially cloudy",1009.4,2023-09-16T05:43:46,2023-09-16T17:59:22
2023-09-17,27.8,85.7,10.018,12.5,18.4,19.4,71.0,130.2,"Rain, Partially cloudy",1008.9,2023-09-17T05:44:01,2023-09-17T17:58:25
2023-09-18,28.1,86.1,2.994,12.5,11.2,98.3,57.0,145.9,"Rain, Partially cloudy",1009.3,2023-09-18T05:44:15,2023-09-18T17:57:27
2023-09-19,29.3,82.6,0.9,29.17,20.5,120.3,63.0,205.5,"Rain, Partially cloudy",1009.6,2023-09-19T05:44:29,2023-09-19T17:56:30
2023-09-20,30.1,79.2,0.192,4.17,18.4,123.1,56.8,228.7,"Rain, Partially cloudy",1009.3,2023-09-20T05:44:44,2023-09-20T17:55:33
2023-09-21,30.4,76.4,1.3,25.0,14.8,128.4,39.8,211.5,"Rain, Partially cloudy",1009.7,2023-09-21T05:44:58,2023-09-21T17:54:36
2023-09-22,30.7,75.8,0.2,8.33,16.6,117.0,33.6,208.0,"Rain, Partially cloudy",1009.1,2023-09-22T05:45:13,2023-09-22T17:53:39
2023-09-23,30.3,74.8,0.2,4.17,20.5,115.8,27.8,234.4,"Rain, Partially cloudy",1009.3,2023-09-23T05:45:27,2023-09-23T17:52:42
2023-09-24,29.5,75.7,0.9,25.0,18.4,112.9,57.0,224.4,"Rain, Partially cloudy",1008.8,2023-09-24T05:45:42,2023-09-24T17:51:45
2023-09-25,28.6,81.8,20.633,4.17,11.2,5.7,61.8,150.0,"Rain, Partially cloudy",1008.5,2023-09-25T05:45:57,2023-09-25T17:50:48
2023-09-26,27.4,85.4,11.622,12.5,19.4,16.1,80.1,24.4,"Rain, Partially cloudy",1008.4,2023-09-26T05:46:12,2023-09-26T17:49:52
2023-09-27,26.9,87.5,15.242,16.67,19.4,57.1,87.1,50.2,"Rain, Partially cloudy",1009.0,2023-09-27T05:46:28,2023-09-27T17:48:55
2023-09-28,24.9,96.1,173.262,12.5,13.9,354.6,79.3,45.1,"Rain, Partially cloudy",1011.4,2023-09-28T05:46:43,2023-09-28T17:47:59
2023-09-29,26.8,89.1,0.591,12.5,13.0,313.7,70.5,98.3,"Rain, Partially cloudy",1012.2,2023-09-29T05:46:59,2023-09-29T17:47:03
2023-09-30,28.7,82.2,0.21,4.17,11.2,117.5,53.7,192.8,"Rain, Partially cloudy",1010.8,2023-09-30T05:47:14,2023-09-30T17:46:07
2023-10-01,29.6,76.6,0.0,0.0,13.0,106.7,28.1,219.5,Partially cloudy,1009.2,2023-10-01T05:47:30,2023-10-01T17:45:12
2023-10-02,29.5,76.1,0.0,0.0,10.3,100.0,28.2,215.6,Partially cloudy,1010.1,2023-10-02T05:47:47,2023-10-02T17:44:16
2023-10-03,29.7,73.1,0.0,0.0,11.2,99.9,26.7,244.5,Partially cloudy,1010.3,2023-10-03T05:48:03,2023-10-03T17:43:22
2023-10-04,30.0,75.5,0.017,4.17,15.7,109.9,20.1,250.3,"Rain, Partially cloudy",1009.7,2023-10-04T05:48:20,2023-10-04T17:42:27
2023-10-05,30.6,75.4,0.1,4.17,12.1,110.9,31.2,237.3,"Rain, Partially cloudy",1008.1,2023-10-05T05:48:37,2023-10-05T17:41:33
2023-10-06,30.4,77.2,6.3,33.33,19.4,118.2,34.1,188.9,"Rain, Partially cloudy",1008.0,2023-10-06T05:48:55,2023-10-06T17:40:39
2023-10-07,26.9,81.6,0.983,4.17,24.1,25.4,86.4,63.7,"Rain, Partially cloudy",1011.0,2023-10-07T05:49:12,2023-10-07T17:39:46
2023-10-08,27.3,65.1,0.4,4.17,19.4,9.0,59.7,156.8,"Rain, Partially cloudy",1013.5,2023-10-08T05:49:31,2023-10-08T17:38:53
2023-10-09,27.5,58.7,0.0,0.0,16.6,22.2,60.5,229.2,Partially cloudy,1015.0,2023-10-09T05:49:49,2023-10-09T17:38:01
2023-10-10,26.9,61.1,0.098,4.17,19.4,36.4,90.7,80.4,"Rain, Overcast",1016.1,2023-10-10T05:50:08,2023-10-10T17:37:09
2023-10-11,26.2,63.1,0.0,0.0,20.3,42.4,84.1,115.0,Partially cloudy,1017.1,2023-10-11T05:50:27,2023-10-11T17:36:18
2023-10-12,23.9,80.3,0.098,4.17,15.7,43.3,98.4,105.3,"Rain, Overcast",1017.9,2023-10-12T05:50:46,2023-10-12T17:35:27
2023-10-13,25.5,78.4,0.1,4.17,13.0,353.1,58.4,188.7,"Rain, Partially cloudy",1016.0,2023-10-13T05:51:06,2023-10-13T17:34:37
2023-10-14,25.6,76.0,0.1,4.17,25.0,20.7,79.6,158.9,"Rain, Partially cloudy",1014.0,2023-10-14T05:51:27,2023-10-14T17:33:48
2023-10-15,25.8,69.0,0.005,4.17,16.6,346.3,67.1,156.7,"Rain, Partially cloudy",1014.1,2023-10-15T05:51:47,2023-10-15T17:32:59
2023-10-16,26.6,67.8,0.0,0.0,13.0,1.9,75.1,191.4,Partially cloudy,1014.2,2023-10-16T05:52:09,2023-10-16T17:32:11
2023-10-17,27.2,66.6,0.0,0.0,10.0,8.8,34.6,210.1,Partially cloudy,1013.8,2023-10-17T05:52:30,2023-10-17T17:31:24
2023-10-18,27.6,68.4,0.0,0.0,10.3,352.9,49.1,213.4,Partially cloudy,1012.6,2023-10-18T05:52:52,2023-10-18T17:30:37
2023-10-19,28.2,71.6,0.0,0.0,14.8,16.3,40.6,213.8,Partially cloudy,1011.2,2023-10-19T05:53:15,2023-10-19T17:29:51
2023-10-20,27.8,63.6,0.0,0.0,22.1,11.4,57.2,170.2,Partially cloudy,1014.7,2023-10-20T05:53:38,2023-10-20T17:29:06
2023-10-21,26.0,48.5,0.0,0.0,18.4,19.2,60.9,115.1,Partially cloudy,1018.2,2023-10-21T05:54:01,2023-10-21T17:28:22
2023-10-22,25.4,61.5,0.0,0.0,13.0,46.0,92.7,96.0,Overcast,1018.3,2023-10-22T05:54:25,2023-10-22T17:27:38
2023-10-23,25.4,74.9,0.0,0.0,12.1,33.8,94.2,133.6,Overcast,1017.2,2023-10-23T05:54:50,2023-10-23T17:26:56
2023-10-24,26.8,76.2,0.098,4.17,11.2,20.0,66.0,168.9,"Rain, Partially cloudy",1015.8,2023-10-24T05:55:15,2023-10-24T17:26:14
2023-10-25,27.8,75.4,0.688,4.17,13.0,291.7,50.8,166.1,"Rain, Partially cloudy",1014.7,2023-10-25T05:55:40,2023-10-25T17:25:33
2023-10-26,28.6,66.9,0.4,12.5,14.8,124.6,62.7,215.8,"Rain, Partially cloudy",1013.7,2023-10-26T05:56:06,2023-10-26T17:24:53
2023-10-27,27.9,72.2,0.0,0.0,11.2,74.6,36.0,206.1,Partially cloudy,1012.9,2023-10-27T05:56:33,2023-10-27T17:24:14
2023-10-28,25.8,83.0,2.59,8.33,19.4,32.0,81.4,136.8,"Rain, Partially cloudy",1014.0,2023-10-28T05:57:00,2023-10-28T17:23:37
2023-10-29,24.1,89.4,4.16,12.5,15.7,13.2,97.6,39.3,"Rain, Overcast",1015.4,2023-10-29T05:57:27,2023-10-29T17:23:00
2023-10-30,25.6,71.5,13.758,8.33,13.0,1.0,90.8,106.0,"Rain, Overcast",1017.7,2023-10-30T05:57:55,2023-10-30T17:22:24
2023-10-31,25.7,69.6,0.1,4.17,13.0,9.6,44.0,194.7,"Rain, Partially cloudy",1018.3,2023-10-31T05:58:24,2023-10-31T17:21:49
2023-11-01,25.7,72.5,0.1,4.17,12.1,107.1,36.6,198.7,"Rain, Partially cloudy",1017.2,2023-11-01T05:58:53,2023-11-01T17:21:15
2023-11-02,26.0,74.0,0.0,0.0,13.0,112.4,26.9,184.5,Partially cloudy,1014.2,2023-11-02T05:59:23,2023-11-02T17:20:42
2023-11-03,27.1,77.7,0.0,0.0,19.4,127.5,54.2,164.4,Partially cloudy,1011.3,2023-11-03T05:59:53,2023-11-03T17:20:11
2023-11-04,28.1,79.0,1.3,20.83,16.6,135.7,67.8,141.5,"Rain, Partially cloudy",1011.4,2023-11-04T06:00:24,2023-11-04T17:19:40
2023-11-05,27.9,80.8,0.1,4.17,17.5,125.5,72.0,154.4,"Rain, Partially cloudy",1012.3,2023-11-05T06:00:55,2023-11-05T17:19:11
2023-11-06,25.8,86.2,7.566,8.33,18.4,66.6,87.9,97.1,"Rain, Partially cloudy",1014.9,2023-11-06T06:01:27,2023-11-06T17:18:43
2023-11-07,23.0,87.8,22.614,4.17,18.4,0.9,89.4,61.8,"Rain, Partially cloudy",1015.9,2023-11-07T06:01:59,2023-11-07T17:18:16
2023-11-08,26.0,80.8,0.0,0.0,13.0,66.9,52.9,133.1,Partially cloudy,1013.2,2023-11-08T06:02:32,2023-11-08T17:17:51
2023-11-09,27.8,79.7,0.0,0.0,13.0,116.7,54.4,146.1,Partially cloudy,1012.6,2023-11-09T06:03:05,2023-11-09T17:17:26
2023-11-10,28.3,79.5,0.0,0.0,17.5,123.4,50.3,176.0,Partially cloudy,1014.0,2023-11-10T06:03:39,2023-11-10T17:17:03
2023-11-11,28.2,80.1,0.0,0.0,16.6,125.6,52.6,166.3,Partially cloudy,1014.9,2023-11-11T06:04:13,2023-11-11T17:16:41
2023-11-12,26.9,84.3,29.479,4.17,18.5,99.5,67.3,81.6,"Rain, Partially cloudy",1017.1,2023-11-12T06:04:48,2023-11-12T17:16:20
2023-11-13,18.3,81.0,9.054,16.67,25.9,26.9,99.4,20.4,"Rain, Overcast",1023.0,2023-11-13T06:05:23,2023-11-13T17:16:01
2023-11-14,18.6,67.9,0.002,4.17,16.6,14.7,85.6,61.4,"Rain, Partially cloudy",1023.2,2023-11-14T06:05:58,2023-11-14T17:15:43
2023-11-15,20.1,78.1,0.0,0.0,11.2,26.3,94.1,103.5,Overcast,1021.0,2023-11-15T06:06:34,2023-11-15T17:15:26
2023-11-16,20.4,63.2,0.347,8.33,25.9,1.5,92.9,38.0,"Rain, Overcast",1027.1,2023-11-16T06:07:11,2023-11-16T17:15:11
2023-11-17,20.4,52.3,0.0,0.0,15.7,347.6,32.7,208.8,Partially cloudy,1026.0,2023-11-17T06:07:47,2023-11-17T17:14:57
2023-11-18,19.5,59.3,0.0,0.0,9.4,355.1,11.8,209.7,Clear,1023.1,2023-11-18T06:08:24,2023-11-18T17:14:44
2023-11-19,20.0,63.6,0.0,0.0,10.3,291.6,12.7,190.3,Clear,1021.0,2023-11-19T06:09:02,2023-11-19T17:14:32
2023-11-20,21.0,66.0,0.0,0.0,15.7,201.8,6.0,206.7,Clear,1018.8,2023-11-20T06:09:39,2023-11-20T17:14:22
2023-11-21,21.2,71.0,0.0,0.0,12.1,137.7,12.9,199.3,Clear,1016.1,2023-11-21T06:10:17,2023-11-21T17:14:14
2023-11-22,20.8,82.7,0.0,0.0,10.3,28.1,66.3,165.2,Partially cloudy,1015.1,2023-11-22T06:10:55,2023-11-22T17:14:06
2023-11-23,23.6,75.4,0.0,0.0,9.4,300.7,41.6,141.0,Partially cloudy,1016.2,2023-11-23T06:11:34,2023-11-23T17:14:00
2023-11-24,23.5,78.5,0.1,4.17,11.2,323.5,67.8,155.8,"Rain, Partially cloudy",1018.1,2023-11-24T06:12:12,2023-11-24T17:13:56
2023-11-25,24.0,72.6,0.2,8.33,11.2,131.4,32.2,150.3,"Rain, Partially cloudy",1018.7,2023-11-25T06:12:51,2023-11-25T17:13:53
2023-11-26,23.7,74.0,0.0,0.0,10.3,318.3,27.7,150.4,Partially cloudy,1019.6,2023-11-26T06:13:30,2023-11-26T17:13:51
2023-11-27,23.7,74.5,0.3,4.17,8.5,33.0,37.8,157.2,"Rain, Partially cloudy",1018.7,2023-11-27T06:14:09,2023-11-27T17:13:50
2023-11-28,23.1,70.4,0.0,0.0,12.1,98.7,20.3,184.8,Partially cloudy,1018.0,2023-11-28T06:14:48,2023-11-28T17:13:51
2023-11-29,22.6,78.3,0.1,4.17,13.0,84.9,34.8,124.3,"Rain, Partially cloudy",1016.9,2023-11-29T06:15:27,2023-11-29T17:13:54
2023-11-30,23.5,80.0,0.01,4.17,13.0,18.9,81.4,88.1,"Rain, Partially cloudy",1018.9,2023-11-30T06:16:06,2023-11-30T17:13:57
2023-12-01,18.7,93.6,19.167,8.33,19.4,24.9,100.0,26.8,"Rain, Overcast",1020.9,2023-12-01T06:16:46,2023-12-01T17:14:02
2023-12-02,17.5,84.7,0.0,0.0,15.7,21.4,100.0,24.7,Overcast,1021.3,2023-12-02T06:17:25,2023-12-02T17:14:09
2023-12-03,18.1,85.7,0.0,0.0,14.8,22.1,99.7,47.3,Overcast,1020.3,2023-12-03T06:18:04,2023-12-03T17:14:16
2023-12-04,18.9,83.0,0.0,0.0,14.8,27.2,99.0,50.3,Overcast,1018.2,2023-12-04T06:18:43,2023-12-04T17:14:25
2023-12-05,18.9,83.8,0.0,0.0,11.2,39.1,99.3,65.5,Overcast,1015.8,2023-12-05T06:19:21,2023-12-05T17:14:36
2023-12-06,20.8,79.9,1.7,8.33,14.8,2.7,84.2,42.4,"Rain, Partially cloudy",1018.8,2023-12-06T06:20:00,2023-12-06T17:14:47
2023-12-07,20.3,72.8,0.0,0.0,10.3,230.7,46.2,186.7,Partially cloudy,1018.7,2023-12-07T06:20:38,2023-12-07T17:15:00
2023-12-08,21.7,68.6,0.0,0.0,16.6,125.1,16.9,187.1,Clear,1014.5,2023-12-08T06:21:16,2023-12-08T17:15:14
2023-12-09,22.5,83.7,0.0,0.0,15.7,96.0,64.4,158.5,Partially cloudy,1012.1,2023-12-09T06:21:54,2023-12-09T17:15:30
2023-12-10,24.4,89.3,0.0,0.0,15.7,134.1,88.2,89.0,Partially cloudy,1010.6,2023-12-10T06:22:31,2023-12-10T17:15:46
2023-12-11,25.0,88.0,0.5,12.5,13.9,107.1,92.4,79.8,"Rain, Overcast",1013.0,2023-12-11T06:23:08,2023-12-11T17:16:04
2023-12-12,24.5,88.7,0.5,16.67,17.5,109.2,79.7,114.8,"Rain, Partially cloudy",1014.9,2023-12-12T06:23:45,2023-12-12T17:16:23
2023-12-13,24.7,83.3,0.7,25.0,16.6,136.9,70.3,95.2,"Rain, Partially cloudy",1016.4,2023-12-13T06:24:21,2023-12-13T17:16:44
2023-12-14,25.0,81.9,0.0,0.0,17.5,128.9,52.1,113.2,Partially cloudy,1015.6,2023-12-14T06:24:57,2023-12-14T17:17:05
2023-12-15,25.1,84.7,0.0,0.0,14.8,119.9,67.0,140.5,Partially cloudy,1014.0,2023-12-15T06:25:32,2023-12-15T17:17:27
2023-12-16,20.0,77.3,0.052,8.33,33.5,50.8,91.7,93.3,"Rain, Overcast",1018.8,2023-12-16T06:26:06,2023-12-16T17:17:51
2023-12-17,13.9,66.3,0.002,4.17,17.5,37.3,98.9,40.3,"Rain, Overcast",1024.5,2023-12-17T06:26:40,2023-12-17T17:18:16
2023-12-18,15.0,73.5,0.0,0.0,12.1,25.8,99.0,81.1,Overcast,1021.9,2023-12-18T06:27:13,2023-12-18T17:18:41
2023-12-19,13.7,77.0,0.003,4.17,21.4,22.7,98.7,45.0,"Rain, Overcast",1023.1,2023-12-19T06:27:46,2023-12-19T17:19:08
2023-12-20,15.0,60.8,0.0,0.0,19.4,6.0,87.8,68.0,Partially cloudy,1025.2,2023-12-20T06:28:18,2023-12-20T17:19:36
2023-12-21,15.2,48.3,0.0,0.0,19.4,1.7,59.9,176.7,Partially cloudy,1027.0,2023-12-21T06:28:49,2023-12-21T17:20:04
2023-12-22,13.2,43.3,0.0,0.0,17.5,40.3,26.4,192.4,Partially cloudy,1030.7,2023-12-22T06:29:19,2023-12-22T17:20:34
2023-12-23,13.6,48.0,0.0,0.0,14.8,4.3,27.3,188.1,Partially cloudy,1030.2,2023-12-23T06:29:49,2023-12-23T17:21:04
2023-12-24,16.3,39.8,0.0,0.0,19.4,355.9,80.1,88.4,Partially cloudy,1030.1,2023-12-24T06:30:17,2023-12-24T17:21:36
2023-12-25,16.8,40.4,0.0,0.0,14.8,65.1,46.4,187.1,Partially cloudy,1026.3,2023-12-25T06:30:45,2023-12-25T17:22:08
2023-12-26,15.6,57.5,0.0,0.0,9.4,48.5,21.4,179.8,Partially cloudy,1024.1,2023-12-26T06:31:12,2023-12-26T17:22:41
2023-12-27,17.3,71.6,0.0,0.0,11.2,115.2,27.0,174.4,Partially cloudy,1023.4,2023-12-27T06:31:38,2023-12-27T17:23:14
2023-12-28,19.0,72.9,0.0,0.0,8.5,130.9,14.3,177.3,Clear,1021.4,2023-12-28T06:32:03,2023-12-28T17:23:49
2023-12-29,20.5,76.6,0.006,8.33,7.6,257.8,77.5,109.2,"Rain, Partially cloudy",1019.6,2023-12-29T06:32:27,2023-12-29T17:24:24
2023-12-30,21.4,83.6,0.744,16.67,10.3,258.3,88.1,44.2,"Rain, Partially cloudy",1018.0,2023-12-30T06:32:49,2023-12-30T17:24:59
2023-12-31,22.3,80.5,0.1,8.33,12.1,139.4,65.5,74.9,"Rain, Partially cloudy",1017.3,2023-12-31T06:33:11,2023-12-31T17:25:36
2024-01-01,22.8,74.4,0.0,0.0,20.5,126.6,66.6,127.8,Partially cloudy,1016.9,2024-01-01T06:33:32,2024-01-01T17:26:13
2024-01-02,23.3,80.7,0.6,25.0,16.6,127.9,81.8,120.6,"Rain, Partially cloudy",1016.0,2024-01-02T06:33:51,2024-01-02T17:26:50
2024-01-03,19.4,76.5,4.028,4.17,24.1,36.3,90.8,30.3,"Rain, Overcast",1019.9,2024-01-03T06:34:10,2024-01-03T17:27:28
2024-01-04,19.2,71.2,0.0,0.0,14.8,101.2,99.2,59.4,Overcast,1019.1,2024-01-04T06:34:27,2024-01-04T17:28:06
2024-01-05,20.5,84.2,0.4,16.67,11.2,108.6,94.1,68.9,"Rain, Overcast",1017.6,2024-01-05T06:34:43,2024-01-05T17:28:45
2024-01-06,22.1,81.8,0.9,25.0,11.2,152.5,82.5,71.1,"Rain, Partially cloudy",1018.4,2024-01-06T06:34:58,2024-01-06T17:29:24
2024-01-07,22.0,80.6,0.9,25.0,16.6,133.2,70.0,116.0,"Rain, Partially cloudy",1018.2,2024-01-07T06:35:12,2024-01-07T17:30:03
2024-01-08,22.6,81.6,0.3,12.5,20.5,131.7,85.7,105.3,"Rain, Partially cloudy",1016.1,2024-01-08T06:35:24,2024-01-08T17:30:43
2024-01-09,23.1,83.3,0.7,29.17,18.4,130.6,70.3,98.3,"Rain, Partially cloudy",1014.9,2024-01-09T06:35:35,2024-01-09T17:31:23
2024-01-10,19.9,93.6,3.821,8.33,18.4,65.7,96.9,22.0,"Rain, Overcast",1016.4,2024-01-10T06:35:45,2024-01-10T17:32:03
2024-01-11,17.5,93.7,8.023,16.67,14.8,21.6,100.0,24.2,"Rain, Overcast",1017.6,2024-01-11T06:35:54,2024-01-11T17:32:43
2024-01-12,17.7,95.8,7.786,12.5,9.4,10.7,100.0,19.5,"Rain, Overcast",1017.1,2024-01-12T06:36:01,2024-01-12T17:33:24
2024-01-13,18.4,94.9,3.556,12.5,11.2,32.5,99.5,23.2,"Rain, Overcast",1018.1,2024-01-13T06:36:07,2024-01-13T17:34:05
2024-01-14,19.3,92.7,1.596,12.5,9.4,35.2,98.9,37.7,"Rain, Overcast",1019.6,2024-01-14T06:36:12,2024-01-14T17:34:45
2024-01-15,21.3,85.8,0.098,4.17,11.2,116.5,75.1,116.1,"Rain, Partially cloudy",1019.6,2024-01-15T06:36:15,2024-01-15T17:35:26
2024-01-16,20.5,85.9,2.179,4.17,13.0,109.7,84.2,39.0,"Rain, Partially cloudy",1018.8,2024-01-16T06:36:17,2024-01-16T17:36:07
2024-01-17,20.4,93.9,8.85,8.33,16.6,118.6,96.0,79.8,"Rain, Overcast",1017.2,2024-01-17T06:36:18,2024-01-17T17:36:48
2024-01-18,22.5,84.3,0.688,4.17,20.5,138.0,72.9,122.7,"Rain, Partially cloudy",1015.2,2024-01-18T06:36:18,2024-01-18T17:37:28
2024-01-19,22.7,85.2,0.052,4.17,22.3,125.0,79.0,137.5,"Rain, Partially cloudy",1014.0,2024-01-19T06:36:16,2024-01-19T17:38:09
2024-01-20,23.1,82.4,1.7,29.17,20.5,124.2,87.3,118.1,"Rain, Partially cloudy",1014.7,2024-01-20T06:36:12,2024-01-20T17:38:50
2024-01-21,16.2,91.9,0.983,8.33,20.5,57.5,100.0,26.8,"Rain, Overcast",1018.3,2024-01-21T06:36:08,2024-01-21T17:39:30
2024-01-22,12.3,81.9,3.786,12.5,22.3,34.2,100.0,19.6,"Rain, Overcast",1023.4,2024-01-22T06:36:02,2024-01-22T17:40:10
2024-01-23,10.3,66.5,0.197,4.17,16.6,28.9,89.1,33.1,"Rain, Partially cloudy",1029.0,2024-01-23T06:35:55,2024-01-23T17:40:50
2024-01-24,10.2,65.2,0.0,0.0,18.4,20.2,99.1,73.9,Overcast,1029.3,2024-01-24T06:35:46,2024-01-24T17:41:30
2024-01-25,11.3,62.6,0.0,0.0,13.0,19.2,96.1,82.8,Overcast,1029.1,2024-01-25T06:35:36,2024-01-25T17:42:09
2024-01-26,12.1,65.1,0.002,4.17,18.4,17.1,99.0,61.4,"Rain, Overcast",1027.9,2024-01-26T06:35:25,2024-01-26T17:42:49
2024-01-27,10.8,80.2,2.376,12.5,16.6,22.1,99.1,37.5,"Rain, Overcast",1026.9,2024-01-27T06:35:12,2024-01-27T17:43:28
2024-01-28,12.4,70.8,0.9,12.5,16.6,20.4,99.8,38.0,"Rain, Overcast",1026.7,2024-01-28T06:34:59,2024-01-28T17:44:06
2024-01-29,13.0,83.0,4.028,4.17,11.2,6.4,99.3,94.6,"Rain, Overcast",1023.1,2024-01-29T06:34:43,2024-01-29T17:44:45
2024-01-30,14.9,89.2,0.1,8.33,7.6,3.7,96.9,103.1,"Rain, Overcast",1019.5,2024-01-30T06:34:27,2024-01-30T17:45:23
2024-01-31,16.8,92.8,0.306,12.5,11.2,296.4,94.1,79.3,"Rain, Overcast",1017.1,2024-01-31T06:34:09,2024-01-31T17:46:00
2024-02-01,19.0,92.5,0.495,8.33,11.2,270.6,93.1,91.7,"Rain, Overcast",1016.1,2024-02-01T06:33:50,2024-02-01T17:46:37
2024-02-02,21.9,89.7,0.5,16.67,22.3,128.9,83.9,107.8,"Rain, Partially cloudy",1014.4,2024-02-02T06:33:30,2024-02-02T17:47:14
2024-02-03,22.2,91.2,0.609,12.5,22.3,124.4,96.9,79.0,"Rain, Overcast",1014.8,2024-02-03T06:33:09,2024-02-03T17:47:51
2024-02-04,23.7,86.4,0.41,8.33,20.5,132.4,73.6,153.1,"Rain, Partially cloudy",1013.7,2024-02-04T06:32:46,2024-02-04T17:48:26
2024-02-05,23.6,88.5,2.5,50.0,22.3,135.5,90.9,70.1,"Rain, Overcast",1014.4,2024-02-05T06:32:22,2024-02-05T17:49:02
2024-02-06,21.2,92.4,0.105,8.33,20.5,116.1,99.2,54.8,"Rain, Overcast",1015.5,2024-02-06T06:31:57,2024-02-06T17:49:37
2024-02-07,15.9,91.1,0.393,4.17,22.3,57.5,100.0,36.9,"Rain, Overcast",1015.6,2024-02-07T06:31:31,2024-02-07T17:50:12
2024-02-08,13.4,76.3,0.109,12.5,22.3,49.4,100.0,51.1,"Rain, Overcast",1018.5,2024-02-08T06:31:04,2024-02-08T17:50:46
2024-02-09,14.7,67.8,0.003,4.17,18.4,3.6,95.0,79.4,"Rain, Overcast",1024.7,2024-02-09T06:30:35,2024-02-09T17:51:19
2024-02-10,17.5,62.7,0.0,0.0,11.2,351.0,52.8,113.3,Partially cloudy,1027.3,2024-02-10T06:30:06,2024-02-10T17:51:53
2024-02-11,19.1,55.5,0.0,0.0,14.8,59.3,55.5,163.2,Partially cloudy,1026.8,2024-02-11T06:29:35,2024-02-11T17:52:25
2024-02-12,18.5,70.0,0.0,0.0,18.4,123.7,9.7,222.0,Clear,1023.4,2024-02-12T06:29:03,2024-02-12T17:52:57
2024-02-13,20.7,79.5,0.0,0.0,18.4,136.8,69.3,126.1,Partially cloudy,1019.9,2024-02-13T06:28:30,2024-02-13T17:53:29
2024-02-14,21.8,80.7,0.4,12.5,18.4,134.1,92.3,91.9,"Rain, Overcast",1017.5,2024-02-14T06:27:56,2024-02-14T17:54:00
2024-02-15,21.3,87.8,1.6,29.17,14.8,115.2,79.7,57.3,"Rain, Partially cloudy",1018.5,2024-02-15T06:27:21,2024-02-15T17:54:31
2024-02-16,21.3,83.5,1.0,16.67,14.8,119.2,55.6,89.7,"Rain, Partially cloudy",1018.7,2024-02-16T06:26:46,2024-02-16T17:55:01
2024-02-17,21.3,83.6,0.0,0.0,22.3,119.1,85.0,111.5,Partially cloudy,1013.3,2024-02-17T06:26:09,2024-02-17T17:55:31
2024-02-18,23.5,86.3,0.0,0.0,18.4,121.2,91.8,176.5,Overcast,1011.3,2024-02-18T06:25:31,2024-02-18T17:56:00
2024-02-19,24.3,89.3,0.0,0.0,22.3,121.6,90.7,182.9,Overcast,1010.8,2024-02-19T06:24:52,2024-02-19T17:56:29
2024-02-20,24.1,92.1,0.003,4.17,22.3,119.1,93.6,195.2,"Rain, Overcast",1009.2,2024-02-20T06:24:13,2024-02-20T17:56:57
2024-02-21,25.2,87.3,0.3,4.17,20.5,116.3,95.1,213.4,"Rain, Overcast",1009.4,2024-02-21T06:23:32,2024-02-21T17:57:25
2024-02-22,23.9,94.6,0.789,12.5,18.4,113.8,96.7,114.8,"Rain, Overcast",1012.6,2024-02-22T06:22:51,2024-02-22T17:57:52
2024-02-23,18.8,95.4,6.888,8.33,22.3,68.7,97.9,40.5,"Rain, Overcast",1016.4,2024-02-23T06:22:09,2024-02-23T17:58:19
2024-02-24,13.0,94.8,1.687,12.5,22.3,43.1,99.4,33.9,"Rain, Overcast",1020.4,2024-02-24T06:21:26,2024-02-24T17:58:45
2024-02-25,13.0,88.4,0.723,4.17,13.0,42.0,99.5,43.4,"Rain, Overcast",1021.0,2024-02-25T06:20:42,2024-02-25T17:59:11
2024-02-26,13.6,89.2,0.207,8.33,16.6,43.5,100.0,68.7,"Rain, Overcast",1020.7,2024-02-26T06:19:58,2024-02-26T17:59:37
2024-02-27,13.1,83.8,0.605,12.5,18.4,42.5,99.5,47.8,"Rain, Overcast",1021.0,2024-02-27T06:19:13,2024-02-27T18:00:02
2024-02-28,13.6,91.2,0.105,8.33,13.0,54.2,100.0,68.2,"Rain, Overcast",1017.1,2024-02-28T06:18:27,2024-02-28T18:00:27
2024-02-29,14.6,84.5,0.8,12.5,18.4,29.9,100.0,53.0,"Rain, Overcast",1018.5,2024-02-29T06:17:41,2024-02-29T18:00:51
2024-03-01,14.4,69.6,0.003,4.17,18.4,37.3,100.0,56.3,"Rain, Overcast",1022.2,2024-03-01T06:16:54,2024-03-01T18:01:15
2024-03-02,14.7,63.2,0.0,0.0,18.4,62.9,97.4,97.7,Overcast,1022.0,2024-03-02T06:16:06,2024-03-02T18:01:38
2024-03-03,16.8,76.7,0.0,0.0,18.4,142.9,97.4,178.0,Overcast,1014.8,2024-03-03T06:15:18,2024-03-03T18:02:01
2024-03-04,18.1,93.0,0.499,12.5,13.0,138.1,95.9,242.1,"Rain, Overcast",1007.5,2024-03-04T06:14:29,2024-03-04T18:02:24
2024-03-05,23.0,83.1,0.0,0.0,9.4,354.0,46.7,258.4,Partially cloudy,1004.6,2024-03-05T06:13:39,2024-03-05T18:02:46
2024-03-06,24.3,75.8,0.0,0.0,16.6,70.2,37.8,249.9,Partially cloudy,1008.0,2024-03-06T06:12:50,2024-03-06T18:03:08
2024-03-07,21.9,65.3,0.0,0.0,16.6,91.9,87.0,87.4,Partially cloudy,1014.3,2024-03-07T06:11:59,2024-03-07T18:03:30
2024-03-08,19.6,75.1,0.0,0.0,13.0,86.2,81.5,50.0,Partially cloudy,1017.0,2024-03-08T06:11:08,2024-03-08T18:03:51
2024-03-09,17.3,87.1,0.005,8.33,14.8,36.2,95.3,51.2,"Rain, Overcast",1016.9,2024-03-09T06:10:17,2024-03-09T18:04:12
2024-03-10,16.8,90.1,0.397,4.17,13.0,35.5,99.0,48.9,"Rain, Overcast",1018.5,2024-03-10T06:09:26,2024-03-10T18:04:33
2024-03-11,19.8,75.8,0.118,8.33,18.4,309.7,62.9,130.4,"Rain, Partially cloudy",1020.0,2024-03-11T06:08:34,2024-03-11T18:04:53
2024-03-12,20.8,76.9,0.0,0.0,20.5,110.4,26.1,176.4,Partially cloudy,1016.8,2024-03-12T06:07:41,2024-03-12T18:05:14
2024-03-13,20.6,88.0,0.2,8.33,14.8,103.8,80.3,95.2,"Rain, Partially cloudy",1014.3,2024-03-13T06:06:49,2024-03-13T18:05:34
2024-03-14,20.4,97.8,1.196,8.33,13.0,51.9,98.9,56.1,"Rain, Overcast",1013.7,2024-03-14T06:05:56,2024-03-14T18:05:53
2024-03-15,21.2,95.5,2.093,8.33,13.0,81.8,95.4,52.9,"Rain, Overcast",1013.2,2024-03-15T06:05:02,2024-03-15T18:06:13
2024-03-16,23.2,94.6,0.1,8.33,16.6,137.8,92.9,106.1,"Rain, Overcast",1014.2,2024-03-16T06:04:09,2024-03-16T18:06:32
2024-03-17,23.4,93.7,0.5,20.83,13.0,125.9,89.1,78.3,"Rain, Partially cloudy",1013.7,2024-03-17T06:03:15,2024-03-17T18:06:51
2024-03-18,23.9,93.5,0.404,12.5,16.6,125.8,92.3,75.9,"Rain, Overcast",1013.1,2024-03-18T06:02:21,2024-03-18T18:07:10
2024-03-19,19.6,92.4,28.468,16.67,33.5,48.7,97.1,31.5,"Rain, Overcast",1019.6,2024-03-19T06:01:27,2024-03-19T18:07:29
2024-03-20,20.0,72.2,0.101,8.33,9.4,16.1,99.2,47.6,"Rain, Overcast",1022.4,2024-03-20T06:00:33,2024-03-20T18:07:48
2024-03-21,21.5,73.9,0.0,0.0,22.3,117.7,37.6,260.8,Partially cloudy,1015.4,2024-03-21T05:59:39,2024-03-21T18:08:07
2024-03-22,20.9,91.6,0.002,4.17,16.6,108.7,83.8,161.8,"Rain, Partially cloudy",1009.3,2024-03-22T05:58:45,2024-03-22T18:08:25
2024-03-23,25.1,85.4,0.035,4.17,24.1,114.6,82.3,208.4,"Rain, Partially cloudy",1007.8,2024-03-23T05:57:50,2024-03-23T18:08:43
2024-03-24,24.7,92.7,0.196,8.33,18.4,108.5,90.7,186.8,"Rain, Overcast",1010.4,2024-03-24T05:56:56,2024-03-24T18:09:02
2024-03-25,26.3,85.9,0.101,8.33,22.3,122.5,73.6,130.7,"Rain, Partially cloudy",1012.0,2024-03-25T05:56:02,2024-03-25T18:09:20
2024-03-26,26.5,80.1,0.3,12.5,24.1,136.6,62.4,162.5,"Rain, Partially cloudy",1015.4,2024-03-26T05:55:07,2024-03-26T18:09:38
2024-03-27,26.0,82.9,0.2,4.17,24.1,131.8,73.8,167.3,"Rain, Partially cloudy",1014.4,2024-03-27T05:54:13,2024-03-27T18:09:56
2024-03-28,24.4,91.6,8.3,75.0,18.4,90.0,80.3,137.5,"Rain, Partially cloudy",1012.6,2024-03-28T05:53:19,2024-03-28T18:10:14
2024-03-29,23.2,90.4,4.6,45.83,25.9,33.9,69.0,100.6,"Rain, Partially cloudy",1013.2,2024-03-29T05:52:25,2024-03-29T18:10:32
2024-03-30,25.4,86.9,0.0,0.0,20.5,115.5,75.3,163.7,Partially cloudy,1010.6,2024-03-30T05:51:31,2024-03-30T18:10:50
2024-03-31,27.4,84.5,0.0,0.0,18.4,96.3,63.3,237.4,Partially cloudy,1007.5,2024-03-31T05:50:37,2024-03-31T18:11:09
2024-04-01,27.8,84.1,0.0,0.0,18.4,95.2,55.3,284.5,Partially cloudy,1004.0,2024-04-01T05:49:43,2024-04-01T18:11:27
2024-04-02,27.7,84.2,0.0,0.0,20.5,100.2,53.9,289.4,Partially cloudy,1002.8,2024-04-02T05:48:49,2024-04-02T18:11:45
2024-04-03,28.1,84.1,0.0,0.0,20.5,96.8,83.9,283.9,Partially cloudy,1004.3,2024-04-03T05:47:56,2024-04-03T18:12:03
2024-04-04,27.8,86.8,0.0,0.0,20.5,108.5,95.5,289.3,Overcast,1005.1,2024-04-04T05:47:03,2024-04-04T18:12:21
2024-04-05,26.7,89.6,0.196,8.33,24.1,135.7,97.8,87.4,"Rain, Overcast",1007.3,2024-04-05T05:46:10,2024-04-05T18:12:40
2024-04-06,25.7,90.4,0.997,8.33,22.3,136.6,97.4,97.6,"Rain, Overcast",1008.6,2024-04-06T05:45:18,2024-04-06T18:12:58
2024-04-07,24.3,96.7,0.207,8.33,16.6,93.7,95.0,61.2,"Rain, Overcast",1007.7,2024-04-07T05:44:26,2024-04-07T18:13:17
2024-04-08,22.9,84.9,0.856,8.33,24.1,49.1,99.5,68.6,"Rain, Overcast",1011.9,2024-04-08T05:43:34,2024-04-08T18:13:36
2024-04-09,23.0,86.3,1.004,12.5,16.6,38.4,97.9,62.2,"Rain, Overcast",1014.6,2024-04-09T05:42:42,2024-04-09T18:13:54
2024-04-10,23.3,91.9,0.208,12.5,9.4,99.7,89.7,128.7,"Rain, Partially cloudy",1014.5,2024-04-10T05:41:51,2024-04-10T18:14:13
2024-04-11,25.5,89.3,0.4,12.5,18.4,119.9,76.3,167.1,"Rain, Partially cloudy",1013.2,2024-04-11T05:41:01,2024-04-11T18:14:33
2024-04-12,27.1,83.8,0.0,0.0,18.4,134.0,83.0,160.0,Partially cloudy,1011.4,2024-04-12T05:40:10,2024-04-12T18:14:52
2024-04-13,27.6,83.4,0.0,0.0,22.3,136.9,87.9,187.5,Partially cloudy,1008.5,2024-04-13T05:39:21,2024-04-13T18:15:11
2024-04-14,27.4,87.4,0.0,0.0,22.3,113.8,95.5,195.0,Overcast,1008.6,2024-04-14T05:38:31,2024-04-14T18:15:31
2024-04-15,27.1,88.0,0.2,8.33,20.5,120.4,92.9,163.8,"Rain, Overcast",1009.7,2024-04-15T05:37:43,2024-04-15T18:15:50
2024-04-16,28.3,77.9,2.962,4.17,25.9,136.1,45.5,185.9,"Rain, Partially cloudy",1007.9,2024-04-16T05:36:54,2024-04-16T18:16:10
2024-04-17,27.3,88.1,0.0,0.0,20.5,122.3,89.2,219.8,Partially cloudy,1006.7,2024-04-17T05:36:07,2024-04-17T18:16:31
2024-04-18,27.3,86.0,13.86,8.33,24.1,123.0,61.4,177.0,"Rain, Partially cloudy",1004.9,2024-04-18T05:35:20,2024-04-18T18:16:51
2024-04-19,28.4,85.3,0.0,0.0,24.1,120.6,77.2,273.6,Partially cloudy,1002.3,2024-04-19T05:34:33,2024-04-19T18:17:11
2024-04-20,28.9,83.1,8.843,4.17,38.9,96.8,75.8,272.4,"Rain, Partially cloudy",1002.2,2024-04-20T05:33:47,2024-04-20T18:17:32
2024-04-21,27.4,86.5,40.283,4.17,22.3,93.2,90.3,244.6,"Rain, Overcast",1004.2,2024-04-21T05:33:02,2024-04-21T18:17:53
2024-04-22,26.7,86.7,0.034,8.33,14.8,91.7,95.8,97.0,"Rain, Overcast",1006.0,2024-04-22T05:32:17,2024-04-22T18:18:14
2024-04-23,28.2,83.5,2.5,33.33,18.4,86.7,90.8,134.6,"Rain, Overcast",1006.1,2024-04-23T05:31:33,2024-04-23T18:18:36
2024-04-24,25.8,89.4,2.949,12.5,13.0,65.3,82.7,90.2,"Rain, Partially cloudy",1006.9,2024-04-24T05:30:50,2024-04-24T18:18:57
2024-04-25,28.9,83.9,5.9,8.33,20.5,116.8,65.7,208.5,"Rain, Partially cloudy",1004.1,2024-04-25T05:30:08,2024-04-25T18:19:19
2024-04-26,31.1,79.2,0.0,0.0,18.4,112.8,50.9,289.3,Partially cloudy,1001.0,2024-04-26T05:29:26,2024-04-26T18:19:41
2024-04-27,32.2,69.5,0.0,0.0,16.6,98.0,9.1,316.6,Clear,999.6,2024-04-27T05:28:45,2024-04-27T18:20:03
2024-04-28,30.7,80.9,0.0,0.0,20.5,98.5,45.3,304.7,Partially cloudy,1002.0,2024-04-28T05:28:05,2024-04-28T18:20:26
2024-04-29,30.2,84.5,0.2,8.33,20.5,108.3,66.8,291.5,"Rain, Partially cloudy",1002.1,2024-04-29T05:27:25,2024-04-29T18:20:48
2024-04-30,31.1,78.6,0.8,4.17,18.4,84.8,43.0,306.5,"Rain, Partially cloudy",999.1,2024-04-30T05:26:47,2024-04-30T18:21:11
2024-05-01,26.0,82.9,2.2,41.67,18.4,41.9,93.0,74.7,"Rain, Overcast",1004.9,2024-05-01T05:26:09,2024-05-01T18:21:35
2024-05-02,24.1,91.1,32.651,8.33,16.6,61.5,89.2,73.7,"Rain, Partially cloudy",1008.1,2024-05-02T05:25:32,2024-05-02T18:21:58
2024-05-03,25.1,91.6,34.332,12.5,22.3,103.5,93.3,92.6,"Rain, Overcast",1007.9,2024-05-03T05:24:56,2024-05-03T18:22:21
2024-05-04,28.2,84.1,0.1,4.17,22.3,118.5,72.5,255.8,"Rain, Partially cloudy",1004.6,2024-05-04T05:24:21,2024-05-04T18:22:45
2024-05-05,26.5,77.4,1.1,33.33,16.6,52.4,85.0,86.0,"Rain, Partially cloudy",1008.3,2024-05-05T05:23:47,2024-05-05T18:23:09
2024-05-06,26.1,86.4,2.175,4.17,16.6,52.0,79.7,87.7,"Rain, Partially cloudy",1011.0,2024-05-06T05:23:14,2024-05-06T18:23:33
2024-05-07,27.3,85.9,4.913,4.17,13.0,72.2,82.0,136.6,"Rain, Partially cloudy",1012.7,2024-05-07T05:22:41,2024-05-07T18:23:58
2024-05-08,27.3,89.7,5.157,4.17,14.8,99.6,82.3,171.2,"Rain, Partially cloudy",1011.7,2024-05-08T05:22:10,2024-05-08T18:24:22
2024-05-09,26.1,87.0,2.994,8.33,20.5,74.0,89.1,132.7,"Rain, Partially cloudy",1012.7,2024-05-09T05:21:40,2024-05-09T18:24:47
2024-05-10,27.9,82.8,0.15,8.33,24.1,121.5,66.8,248.4,"Rain, Partially cloudy",1011.5,2024-05-10T05:21:10,2024-05-10T18:25:12
2024-05-11,29.2,82.3,0.3,12.5,20.5,144.5,60.4,228.6,"Rain, Partially cloudy",1010.7,2024-05-11T05:20:42,2024-05-11T18:25:37
2024-05-12,28.5,84.7,17.122,4.17,24.1,102.6,70.7,178.3,"Rain, Partially cloudy",1010.3,2024-05-12T05:20:14,2024-05-12T18:26:02
2024-05-13,26.7,80.8,143.517,16.67,16.6,326.7,63.1,69.7,"Rain, Partially cloudy",1012.0,2024-05-13T05:19:48,2024-05-13T18:26:27
2024-05-14,28.1,78.6,0.1,4.17,14.8,137.8,46.5,246.9,"Rain, Partially cloudy",1011.2,2024-05-14T05:19:22,2024-05-14T18:26:52
2024-05-15,27.5,87.2,0.786,4.17,22.3,93.5,76.7,202.0,"Rain, Partially cloudy",1012.3,2024-05-15T05:18:58,2024-05-15T18:27:18
2024-05-16,27.5,78.5,0.197,4.17,16.6,25.3,85.2,90.2,"Rain, Partially cloudy",1012.8,2024-05-16T05:18:35,2024-05-16T18:27:43
2024-05-17,27.9,74.6,0.7,20.83,20.5,140.7,70.9,220.9,"Rain, Partially cloudy",1009.9,2024-05-17T05:18:12,2024-05-17T18:28:09
2024-05-18,29.1,84.0,9.4,41.67,22.3,133.6,89.3,193.3,"Rain, Partially cloudy",1004.8,2024-05-18T05:17:51,2024-05-18T18:28:34
2024-05-19,28.4,88.1,43.738,8.33,25.9,84.5,84.8,136.8,"Rain, Partially cloudy",1002.4,2024-05-19T05:17:31,2024-05-19T18:29:00
2024-05-20,27.7,84.7,7.878,8.33,16.6,301.2,51.6,207.2,"Rain, Partially cloudy",1005.8,2024-05-20T05:17:12,2024-05-20T18:29:25
2024-05-21,28.4,81.2,1.0,12.5,9.4,72.4,72.5,198.2,"Rain, Partially cloudy",1007.7,2024-05-21T05:16:54,2024-05-21T18:29:51
2024-05-22,28.7,76.3,0.035,4.17,16.6,15.1,53.5,224.7,"Rain, Partially cloudy",1008.7,2024-05-22T05:16:37,2024-05-22T18:30:17
2024-05-23,27.9,82.5,5.898,8.33,14.8,273.6,61.7,198.9,"Rain, Partially cloudy",1008.1,2024-05-23T05:16:21,2024-05-23T18:30:42
2024-05-24,29.3,78.8,0.9,16.67,22.3,130.8,57.5,247.5,"Rain, Partially cloudy",1007.6,2024-05-24T05:16:07,2024-05-24T18:31:08
2024-05-25,28.2,89.4,13.947,8.33,20.5,134.6,71.6,129.9,"Rain, Partially cloudy",1007.5,2024-05-25T05:15:53,2024-05-25T18:31:33
2024-05-26,30.7,81.5,10.651,8.33,13.0,159.1,64.4,215.9,"Rain, Partially cloudy",1004.9,2024-05-26T05:15:40,2024-05-26T18:31:58
2024-05-27,32.1,73.1,0.197,4.17,14.8,231.0,70.8,210.2,"Rain, Partially cloudy",1001.2,2024-05-27T05:15:29,2024-05-27T18:32:23
2024-05-28,31.8,76.0,0.2,8.33,14.8,52.3,57.8,178.6,"Rain, Partially cloudy",1000.9,2024-05-28T05:15:19,2024-05-28T18:32:48
2024-05-29,32.0,78.4,0.0,0.0,24.1,120.2,76.5,244.5,Partially cloudy,1000.7,2024-05-29T05:15:09,2024-05-29T18:33:13
2024-05-30,30.2,80.6,56.986,4.17,29.5,92.8,80.0,177.9,"Rain, Partially cloudy",1002.0,2024-05-30T05:15:01,2024-05-30T18:33:37
2024-05-31,26.6,84.7,31.494,12.5,13.0,294.7,90.2,96.1,"Rain, Overcast",1006.2,2024-05-31T05:14:54,2024-05-31T18:34:01
2024-06-01,30.0,73.5,0.1,4.17,11.2,100.3,50.2,247.0,"Rain, Partially cloudy",1007.3,2024-06-01T05:14:48,2024-06-01T18:34:25
2024-06-02,31.1,78.3,0.6,25.0,22.3,130.1,53.8,225.1,"Rain, Partially cloudy",1005.9,2024-06-02T05:14:43,2024-06-02T18:34:49
2024-06-03,30.9,78.3,0.017,4.17,29.5,102.9,60.0,202.0,"Rain, Partially cloudy",1003.0,2024-06-03T05:14:39,2024-06-03T18:35:12
2024-06-04,29.1,84.5,12.59,8.33,14.8,62.8,67.0,118.2,"Rain, Partially cloudy",1004.0,2024-06-04T05:14:36,2024-06-04T18:35:35
2024-06-05,27.2,88.6,68.788,12.5,20.5,23.5,91.7,41.1,"Rain, Overcast",1007.0,2024-06-05T05:14:34,2024-06-05T18:35:58
2024-06-06,26.3,88.7,6.119,12.5,16.6,339.2,94.4,113.2,"Rain, Overcast",1008.6,2024-06-06T05:14:33,2024-06-06T18:36:20
2024-06-07,28.5,85.7,9.2,41.67,22.3,108.4,79.5,169.6,"Rain, Partially cloudy",1005.0,2024-06-07T05:14:34,2024-06-07T18:36:42
2024-06-08,29.0,84.6,39.388,8.33,14.8,130.5,77.7,80.8,"Rain, Partially cloudy",1002.8,2024-06-08T05:14:35,2024-06-08T18:37:03
2024-06-09,26.3,95.2,32.294,12.5,13.0,70.9,89.1,85.6,"Rain, Partially cloudy",1003.9,2024-06-09T05:14:37,2024-06-09T18:37:24
2024-06-10,28.1,89.8,15.932,16.67,16.6,103.0,85.0,177.4,"Rain, Partially cloudy",1005.3,2024-06-10T05:14:40,2024-06-10T18:37:45
2024-06-11,30.3,84.3,10.808,8.33,18.4,115.2,68.9,204.5,"Rain, Partially cloudy",1004.9,2024-06-11T05:14:44,2024-06-11T18:38:04
2024-06-12,31.7,76.1,0.197,4.17,11.2,100.9,65.2,251.7,"Rain, Partially cloudy",1003.8,2024-06-12T05:14:49,2024-06-12T18:38:24
2024-06-13,33.0,67.2,0.0,0.0,13.0,242.1,52.1,249.6,Partially cloudy,1000.9,2024-06-13T05:14:55,2024-06-13T18:38:42
2024-06-14,33.3,63.6,0.0,0.0,11.2,219.0,67.9,216.6,Partially cloudy,999.4,2024-06-14T05:15:02,2024-06-14T18:39:00
2024-06-15,31.6,81.1,0.2,8.33,13.0,29.0,51.0,161.0,"Rain, Partially cloudy",1001.1,2024-06-15T05:15:10,2024-06-15T18:39:18
2024-06-16,31.4,80.1,0.098,4.17,16.6,78.3,52.6,219.9,"Rain, Partially cloudy",1002.1,2024-06-16T05:15:19,2024-06-16T18:39:34
2024-06-17,30.7,80.3,1.965,4.17,37.1,89.9,60.7,232.0,"Rain, Partially cloudy",1001.6,2024-06-17T05:15:28,2024-06-17T18:39:50
2024-06-18,30.1,82.8,7.86,4.17,14.8,66.6,67.7,146.8,"Rain, Partially cloudy",1000.9,2024-06-18T05:15:39,2024-06-18T18:40:06
2024-06-19,31.6,77.6,0.1,4.17,24.1,97.2,68.8,252.9,"Rain, Partially cloudy",1000.3,2024-06-19T05:15:50,2024-06-19T18:40:20
2024-06-20,31.0,80.9,0.797,4.17,16.6,100.9,75.0,238.3,"Rain, Partially cloudy",1000.5,2024-06-20T05:16:02,2024-06-20T18:40:34
2024-06-21,31.0,85.7,3.93,8.33,18.4,108.3,76.7,238.1,"Rain, Partially cloudy",1001.3,2024-06-21T05:16:14,2024-06-21T18:40:47
2024-06-22,31.6,79.4,1.2,37.5,18.4,125.6,78.3,232.5,"Rain, Partially cloudy",1002.8,2024-06-22T05:16:28,2024-06-22T18:40:59
2024-06-23,30.7,80.9,51.196,8.33,22.3,114.8,64.6,245.9,"Rain, Partially cloudy",1003.0,2024-06-23T05:16:42,2024-06-23T18:41:10
2024-06-24,28.8,85.9,12.144,12.5,14.8,101.4,80.1,56.2,"Rain, Partially cloudy",1002.9,2024-06-24T05:16:57,2024-06-24T18:41:21
2024-06-25,27.9,90.5,11.919,12.5,16.6,82.1,70.4,122.6,"Rain, Partially cloudy",1004.6,2024-06-25T05:17:12,2024-06-25T18:41:30
2024-06-26,28.0,88.0,6.437,8.33,16.6,85.5,79.6,104.7,"Rain, Partially cloudy",1007.7,2024-06-26T05:17:29,2024-06-26T18:41:39
2024-06-27,28.7,85.8,6.0,12.5,18.4,104.7,66.7,141.5,"Rain, Partially cloudy",1008.4,2024-06-27T05:17:45,2024-06-27T18:41:47
2024-06-28,30.0,82.3,0.295,4.17,24.1,131.6,67.9,197.3,"Rain, Partially cloudy",1005.8,2024-06-28T05:18:03,2024-06-28T18:41:53
2024-06-29,31.4,77.7,9.825,4.17,16.6,143.4,65.5,267.6,"Rain, Partially cloudy",1003.3,2024-06-29T05:18:21,2024-06-29T18:41:59
2024-06-30,32.0,73.5,3.048,4.17,13.0,164.5,97.2,255.8,"Rain, Overcast",1002.0,2024-06-30T05:18:39,2024-06-30T18:42:04
2024-07-01,32.4,66.0,0.0,0.0,13.0,176.4,90.3,154.1,Overcast,1000.2,2024-07-01T05:18:58,2024-07-01T18:42:08
2024-07-02,29.6,83.4,4.4,20.83,16.6,72.5,82.7,156.1,"Rain, Partially cloudy",1001.8,2024-07-02T05:19:18,2024-07-02T18:42:11
2024-07-03,27.4,92.7,7.764,8.33,22.3,76.1,80.5,109.9,"Rain, Partially cloudy",1006.7,2024-07-03T05:19:38,2024-07-03T18:42:13
2024-07-04,30.1,79.3,2.936,8.33,25.9,137.0,54.5,213.1,"Rain, Partially cloudy",1008.5,2024-07-04T05:19:58,2024-07-04T18:42:13
2024-07-05,29.9,77.9,0.166,12.5,25.9,125.7,47.6,256.2,"Rain, Partially cloudy",1006.0,2024-07-05T05:20:19,2024-07-05T18:42:13
2024-07-06,30.6,78.6,0.262,12.5,20.5,122.6,53.0,236.0,"Rain, Partially cloudy",1005.4,2024-07-06T05:20:40,2024-07-06T18:42:12
2024-07-07,31.3,74.9,0.0,0.0,25.9,138.7,45.5,282.7,Partially cloudy,1005.9,2024-07-07T05:21:01,2024-07-07T18:42:09
2024-07-08,31.2,76.5,0.393,4.17,22.3,135.7,56.3,278.6,"Rain, Partially cloudy",1005.1,2024-07-08T05:21:23,2024-07-08T18:42:06
2024-07-09,31.0,80.2,10.906,4.17,22.3,121.4,66.3,272.1,"Rain, Partially cloudy",1004.7,2024-07-09T05:21:45,2024-07-09T18:42:01
2024-07-10,29.7,85.8,1.105,4.17,14.8,112.7,60.9,260.1,"Rain, Partially cloudy",1004.8,2024-07-10T05:22:07,2024-07-10T18:41:55
2024-07-11,30.6,78.3,9.53,4.17,18.4,108.2,50.1,270.5,"Rain, Partially cloudy",1003.1,2024-07-11T05:22:30,2024-07-11T18:41:49
2024-07-12,31.5,75.8,1.487,8.33,20.5,136.2,76.3,238.7,"Rain, Partially cloudy",1001.2,2024-07-12T05:22:53,2024-07-12T18:41:41
2024-07-13,31.6,76.4,15.229,8.33,25.9,116.3,65.1,217.9,"Rain, Partially cloudy",1000.9,2024-07-13T05:23:16,2024-07-13T18:41:32
2024-07-14,29.8,81.8,2.402,8.33,20.5,107.9,60.1,168.9,"Rain, Partially cloudy",1004.0,2024-07-14T05:23:39,2024-07-14T18:41:21
2024-07-15,29.3,83.7,25.663,12.5,18.4,353.1,76.8,177.3,"Rain, Partially cloudy",1005.5,2024-07-15T05:24:02,2024-07-15T18:41:10
2024-07-16,29.6,82.5,8.472,12.5,18.4,45.0,75.8,152.1,"Rain, Partially cloudy",1005.6,2024-07-16T05:24:25,2024-07-16T18:40:58
2024-07-17,28.9,85.7,2.367,16.67,16.6,50.6,80.6,94.1,"Rain, Partially cloudy",1004.8,2024-07-17T05:24:49,2024-07-17T18:40:44
2024-07-18,27.7,89.9,24.802,16.67,22.3,67.1,88.1,103.0,"Rain, Partially cloudy",1003.9,2024-07-18T05:25:12,2024-07-18T18:40:30
2024-07-19,28.3,88.9,11.55,12.5,16.6,77.2,74.9,105.8,"Rain, Partially cloudy",1004.0,2024-07-19T05:25:36,2024-07-19T18:40:14
2024-07-20,28.6,88.5,11.826,12.5,25.9,70.7,63.6,148.0,"Rain, Partially cloudy",1004.8,2024-07-20T05:25:59,2024-07-20T18:39:57
2024-07-21,30.6,79.3,2.456,4.17,14.8,69.6,55.2,208.6,"Rain, Partially cloudy",1004.8,2024-07-21T05:26:23,2024-07-21T18:39:39
2024-07-22,29.6,83.8,3.977,8.33,13.0,309.7,71.9,175.3,"Rain, Partially cloudy",1002.4,2024-07-22T05:26:47,2024-07-22T18:39:20
2024-07-23,26.6,94.2,187.568,16.67,22.3,280.6,90.6,27.0,"Rain, Overcast",997.8,2024-07-23T05:27:10,2024-07-23T18:38:59
2024-07-24,27.9,90.0,100.216,16.67,14.8,287.2,91.3,76.1,"Rain, Overcast",995.6,2024-07-24T05:27:34,2024-07-24T18:38:38
2024-07-25,29.7,84.8,23.478,12.5,13.0,288.0,78.4,185.8,"Rain, Partially cloudy",995.0,2024-07-25T05:27:57,2024-07-25T18:38:15
2024-07-26,32.5,75.2,0.0,0.0,16.6,263.4,60.1,305.9,Partially cloudy,995.5,2024-07-26T05:28:20,2024-07-26T18:37:52
2024-07-27,32.9,78.7,0.0,0.0,27.7,46.9,67.8,278.4,Partially cloudy,998.7,2024-07-27T05:28:44,2024-07-27T18:37:27
2024-07-28,28.4,87.8,34.29,4.17,22.3,54.8,82.5,114.7,"Rain, Partially cloudy",1001.9,2024-07-28T05:29:07,2024-07-28T18:37:01
2024-07-29,27.8,92.0,27.015,12.5,16.6,113.5,82.9,86.0,"Rain, Partially cloudy",1001.3,2024-07-29T05:29:30,2024-07-29T18:36:34
2024-07-30,27.6,91.7,1.979,12.5,22.3,131.1,91.3,67.6,"Rain, Overcast",1001.3,2024-07-30T05:29:52,2024-07-30T18:36:07
2024-07-31,28.7,85.3,0.412,12.5,13.0,145.3,86.7,109.9,"Rain, Partially cloudy",1002.4,2024-07-31T05:30:15,2024-07-31T18:35:38
2024-08-01,29.2,80.9,0.393,4.17,14.8,165.3,87.0,82.3,"Rain, Partially cloudy",1003.3,2024-08-01T05:30:38,2024-08-01T18:35:08
2024-08-02,27.3,86.6,13.236,12.5,16.6,166.9,89.1,88.8,"Rain, Partially cloudy",1003.4,2024-08-02T05:31:00,2024-08-02T18:34:37
2024-08-03,28.7,83.1,0.002,4.17,14.8,75.6,64.2,185.3,"Rain, Partially cloudy",1005.0,2024-08-03T05:31:22,2024-08-03T18:34:05
2024-08-04,30.6,76.6,0.6,16.67,24.1,114.6,64.9,265.8,"Rain, Partially cloudy",1006.3,2024-08-04T05:31:44,2024-08-04T18:33:32
2024-08-05,30.8,79.4,4.7,12.5,16.6,95.8,59.7,230.6,"Rain, Partially cloudy",1005.7,2024-08-05T05:32:06,2024-08-05T18:32:58
2024-08-06,31.1,79.3,0.9,29.17,25.9,106.1,45.6,253.6,"Rain, Partially cloudy",1004.9,2024-08-06T05:32:27,2024-08-06T18:32:23
2024-08-07,30.6,79.9,1.7,20.83,24.1,115.0,45.4,270.7,"Rain, Partially cloudy",1005.3,2024-08-07T05:32:48,2024-08-07T18:31:47
2024-08-08,31.4,77.1,0.1,4.17,16.6,142.7,40.9,280.4,"Rain, Partially cloudy",1005.0,2024-08-08T05:33:09,2024-08-08T18:31:10
2024-08-09,32.7,71.6,0.0,0.0,18.4,137.3,44.4,294.0,Partially cloudy,1002.2,2024-08-09T05:33:30,2024-08-09T18:30:32
2024-08-10,32.9,73.6,4.5,16.67,31.7,85.4,57.0,288.4,"Rain, Partially cloudy",1000.3,2024-08-10T05:33:50,2024-08-10T18:29:54
2024-08-11,28.2,84.9,0.6,12.5,31.7,313.5,64.7,179.3,"Rain, Partially cloudy",1001.5,2024-08-11T05:34:11,2024-08-11T18:29:14
2024-08-12,29.7,83.5,0.642,4.17,16.6,71.7,72.9,144.1,"Rain, Partially cloudy",1001.7,2024-08-12T05:34:31,2024-08-12T18:28:34
2024-08-13,28.8,88.3,19.478,4.17,16.6,340.4,79.5,148.7,"Rain, Partially cloudy",1004.4,2024-08-13T05:34:50,2024-08-13T18:27:53
2024-08-14,27.8,90.4,13.004,8.33,13.0,312.4,89.9,130.0,"Rain, Partially cloudy",1005.7,2024-08-14T05:35:10,2024-08-14T18:27:11
2024-08-15,29.0,85.2,0.578,12.5,14.8,327.1,80.7,208.1,"Rain, Partially cloudy",1004.6,2024-08-15T05:35:29,2024-08-15T18:26:28
2024-08-16,30.2,76.8,2.0,25.0,11.2,14.2,73.6,233.8,"Rain, Partially cloudy",1004.2,2024-08-16T05:35:48,2024-08-16T18:25:44
2024-08-17,29.6,82.4,33.602,4.17,14.8,60.9,75.1,224.6,"Rain, Partially cloudy",1005.5,2024-08-17T05:36:07,2024-08-17T18:25:00
2024-08-18,30.3,82.6,5.2,41.67,13.0,38.1,75.2,181.6,"Rain, Partially cloudy",1005.5,2024-08-18T05:36:25,2024-08-18T18:24:14
2024-08-19,29.6,84.6,0.734,4.17,11.2,321.0,58.8,191.3,"Rain, Partially cloudy",1003.8,2024-08-19T05:36:43,2024-08-19T18:23:29
2024-08-20,29.5,83.5,4.389,8.33,14.8,118.1,66.7,220.7,"Rain, Partially cloudy",1004.3,2024-08-20T05:37:01,2024-08-20T18:22:42
2024-08-21,28.9,86.7,37.237,4.17,13.0,324.9,79.0,128.3,"Rain, Partially cloudy",1005.9,2024-08-21T05:37:19,2024-08-21T18:21:55
2024-08-22,29.9,82.9,3.9,33.33,20.5,91.8,65.6,182.2,"Rain, Partially cloudy",1006.9,2024-08-22T05:37:36,2024-08-22T18:21:07
2024-08-23,25.4,94.3,102.229,12.5,14.8,83.9,84.8,67.4,"Rain, Partially cloudy",1009.5,2024-08-23T05:37:54,2024-08-23T18:20:18
2024-08-24,26.8,89.3,31.742,12.5,13.0,107.7,64.8,91.9,"Rain, Partially cloudy",1008.4,2024-08-24T05:38:11,2024-08-24T18:19:29
2024-08-25,27.9,85.2,8.21,8.33,16.6,114.6,73.1,154.0,"Rain, Partially cloudy",1006.8,2024-08-25T05:38:28,2024-08-25T18:18:39
2024-08-26,29.8,79.0,40.283,4.17,14.8,112.5,60.7,185.6,"Rain, Partially cloudy",1006.1,2024-08-26T05:38:44,2024-08-26T18:17:49
2024-08-27,30.6,78.9,8.843,4.17,14.8,109.5,48.0,200.4,"Rain, Partially cloudy",1005.6,2024-08-27T05:39:00,2024-08-27T18:16:58
2024-08-28,31.8,76.2,0.0,0.0,14.8,97.4,37.1,263.1,Partially cloudy,1004.1,2024-08-28T05:39:17,2024-08-28T18:16:06
2024-08-29,31.4,81.2,0.0,0.0,11.2,83.4,53.3,222.5,Partially cloudy,1004.0,2024-08-29T05:39:33,2024-08-29T18:15:15
2024-08-30,29.0,82.4,38.668,8.33,18.4,220.8,71.7,147.5,"Rain, Partially cloudy",1005.5,2024-08-30T05:39:48,2024-08-30T18:14:22
2024-08-31,30.1,77.8,0.884,4.17,13.0,80.4,46.2,158.9,"Rain, Partially cloudy",1006.6,2024-08-31T05:40:04,2024-08-31T18:13:29
2024-09-01,29.4,80.8,5.158,12.5,14.8,60.3,76.1,158.2,"Rain, Partially cloudy",1007.3,2024-09-01T05:40:19,2024-09-01T18:12:36
2024-09-02,31.0,76.3,1.97,12.5,11.2,81.5,58.3,208.1,"Rain, Partially cloudy",1007.6,2024-09-02T05:40:35,2024-09-02T18:11:42
2024-09-03,29.1,82.5,39.498,8.33,22.3,299.1,59.1,246.2,"Rain, Partially cloudy",1007.3,2024-09-03T05:40:50,2024-09-03T18:10:48
2024-09-04,30.7,76.4,0.0,0.0,13.0,338.5,43.4,269.3,Partially cloudy,1003.4,2024-09-04T05:41:05,2024-09-04T18:09:53
2024-09-05,31.5,75.3,0.2,4.17,14.8,306.7,48.1,274.9,"Rain, Partially cloudy",1001.1,2024-09-05T05:41:20,2024-09-05T18:08:59
2024-09-06,29.7,81.1,18.166,20.83,25.9,315.7,71.4,223.9,"Rain, Partially cloudy",999.8,2024-09-06T05:41:34,2024-09-06T18:08:03
2024-09-07,26.4,92.7,254.725,29.17,53.6,321.9,98.1,18.7,"Rain, Overcast",992.8,2024-09-07T05:41:49,2024-09-07T18:07:08
2024-09-08,27.3,92.9,20.105,16.67,38.9,127.7,95.6,38.3,"Rain, Overcast",998.8,2024-09-08T05:42:03,2024-09-08T18:06:12
2024-09-09,27.8,92.6,27.511,4.17,32.5,94.1,75.4,76.9,"Rain, Partially cloudy",1003.4,2024-09-09T05:42:18,2024-09-09T18:05:16
2024-09-10,25.5,94.3,118.199,16.67,14.8,70.7,90.2,36.7,"Rain, Overcast",1006.1,2024-09-10T05:42:32,2024-09-10T18:04:20
2024-09-11,25.1,95.3,64.071,16.67,14.8,36.2,94.2,23.1,"Rain, Overcast",1007.8,2024-09-11T05:42:47,2024-09-11T18:03:23
2024-09-12,27.6,87.0,0.343,16.67,13.0,312.3,60.7,90.7,"Rain, Partially cloudy",1007.5,2024-09-12T05:43:01,2024-09-12T18:02:27
2024-09-13,28.4,83.3,45.248,4.17,20.5,328.5,63.6,183.6,"Rain, Partially cloudy",1005.2,2024-09-13T05:43:15,2024-09-13T18:01:30
2024-09-14,29.6,79.7,2.332,4.17,18.4,24.4,61.4,204.8,"Rain, Partially cloudy",1003.0,2024-09-14T05:43:29,2024-09-14T18:00:33
2024-09-15,30.2,79.9,5.9,25.0,13.0,72.4,36.5,241.9,"Rain, Partially cloudy",1002.4,2024-09-15T05:43:44,2024-09-15T17:59:36
2024-09-16,28.4,85.0,96.097,8.33,20.5,293.0,68.6,184.0,"Rain, Partially cloudy",1004.6,2024-09-16T05:43:58,2024-09-16T17:58:39
2024-09-17,28.8,83.3,4.822,16.67,18.4,341.8,82.1,103.8,"Rain, Partially cloudy",1005.4,2024-09-17T05:44:12,2024-09-17T17:57:42
2024-09-18,29.9,79.2,2.448,12.5,13.0,340.1,68.2,166.7,"Rain, Partially cloudy",1003.9,2024-09-18T05:44:27,2024-09-18T17:56:45
2024-09-19,30.6,73.0,0.326,8.33,18.4,18.4,61.3,183.4,"Rain, Partially cloudy",1002.8,2024-09-19T05:44:41,2024-09-19T17:55:48
2024-09-20,29.0,83.6,56.091,8.33,24.1,324.3,65.8,185.1,"Rain, Partially cloudy",1003.2,2024-09-20T05:44:55,2024-09-20T17:54:50
2024-09-21,28.1,90.0,74.781,8.33,37.1,304.2,77.2,151.1,"Rain, Partially cloudy",1004.7,2024-09-21T05:45:10,2024-09-21T17:53:53
2024-09-22,26.7,89.3,34.919,16.67,18.4,0.1,96.2,30.8,"Rain, Overcast",1006.1,2024-09-22T05:45:25,2024-09-22T17:52:56
2024-09-23,26.2,78.8,15.867,16.67,13.0,33.1,85.1,59.9,"Rain, Partially cloudy",1009.5,2024-09-23T05:45:39,2024-09-23T17:51:59
2024-09-24,27.6,71.5,0.0,0.0,18.4,101.5,32.7,241.5,Partially cloudy,1010.0,2024-09-24T05:45:54,2024-09-24T17:51:03
2024-09-25,27.1,80.7,0.1,4.17,9.4,99.5,45.6,60.0,"Rain, Partially cloudy",1011.1,2024-09-25T05:46:09,2024-09-25T17:50:06
2024-09-26,28.5,77.7,0.0,0.0,16.6,110.4,25.8,245.0,Partially cloudy,1011.1,2024-09-26T05:46:25,2024-09-26T17:49:09
2024-09-27,29.1,78.8,0.0,0.0,18.4,118.9,37.2,212.8,Partially cloudy,1010.1,2024-09-27T05:46:40,2024-09-27T17:48:13
2024-09-28,29.8,81.7,0.0,0.0,16.6,129.3,64.1,206.8,Partially cloudy,1007.9,2024-09-28T05:46:56,2024-09-28T17:47:17
2024-09-29,29.5,83.5,30.262,4.17,25.9,135.7,85.9,130.4,"Rain, Partially cloudy",1006.5,2024-09-29T05:47:11,2024-09-29T17:46:21
2024-09-30,27.7,91.5,3.982,12.5,16.6,104.4,87.0,123.3,"Rain, Partially cloudy",1005.8,2024-09-30T05:47:27,2024-09-30T17:45:26
2024-10-01,27.7,78.6,5.926,12.5,27.7,19.6,79.7,130.0,"Rain, Partially cloudy",1009.3,2024-10-01T05:47:44,2024-10-01T17:44:30
2024-10-02,25.9,62.1,0.098,4.17,20.5,2.1,47.2,235.3,"Rain, Partially cloudy",1015.1,2024-10-02T05:48:00,2024-10-02T17:43:35
2024-10-03,25.6,54.1,0.0,0.0,18.4,25.9,40.9,264.3,Partially cloudy,1015.7,2024-10-03T05:48:17,2024-10-03T17:42:41
2024-10-04,25.6,60.0,0.0,0.0,16.6,67.6,40.9,262.0,Partially cloudy,1015.4,2024-10-04T05:48:34,2024-10-04T17:41:47
2024-10-05,25.9,63.1,0.0,0.0,11.2,16.5,0.3,271.5,Clear,1014.3,2024-10-05T05:48:51,2024-10-05T17:40:53
2024-10-06,26.8,65.8,0.0,0.0,11.2,348.3,10.6,247.4,Clear,1014.7,2024-10-06T05:49:09,2024-10-06T17:40:00
2024-10-07,28.0,65.1,0.0,0.0,14.8,356.7,17.0,236.5,Clear,1015.6,2024-10-07T05:49:27,2024-10-07T17:39:07
2024-10-08,28.0,60.0,0.0,0.0,18.4,21.4,8.2,249.3,Clear,1014.9,2024-10-08T05:49:45,2024-10-08T17:38:14
2024-10-09,26.9,68.6,0.0,0.0,14.8,32.4,21.2,230.9,Partially cloudy,1014.1,2024-10-09T05:50:04,2024-10-09T17:37:22
2024-10-10,26.6,73.9,0.0,0.0,13.0,15.2,21.6,229.2,Partially cloudy,1013.2,2024-10-10T05:50:23,2024-10-10T17:36:31
2024-10-11,27.3,69.2,0.0,0.0,13.0,101.9,18.0,235.1,Clear,1012.8,2024-10-11T05:50:42,2024-10-11T17:35:40
2024-10-12,27.6,71.5,0.9,16.67,16.6,130.9,24.5,177.2,"Rain, Partially cloudy",1013.7,2024-10-12T05:51:02,2024-10-12T17:34:50
2024-10-13,28.0,73.7,0.2,8.33,18.4,132.8,43.7,159.8,"Rain, Partially cloudy",1013.3,2024-10-13T05:51:22,2024-10-13T17:34:01
2024-10-14,28.4,73.9,0.0,0.0,13.0,121.7,49.3,204.6,Partially cloudy,1012.1,2024-10-14T05:51:43,2024-10-14T17:33:12
2024-10-15,27.2,85.9,29.379,8.33,20.5,78.7,65.1,152.7,"Rain, Partially cloudy",1012.6,2024-10-15T05:52:04,2024-10-15T17:32:23
2024-10-16,27.2,79.5,1.937,4.17,13.0,31.9,74.9,156.6,"Rain, Partially cloudy",1013.4,2024-10-16T05:52:26,2024-10-16T17:31:36
2024-10-17,28.7,77.8,1.0,33.33,18.4,111.1,59.2,172.5,"Rain, Partially cloudy",1011.4,2024-10-17T05:52:47,2024-10-17T17:30:49
2024-10-18,29.2,78.5,0.6,16.67,18.4,121.2,43.1,156.1,"Rain, Partially cloudy",1011.0,2024-10-18T05:53:10,2024-10-18T17:30:03
2024-10-19,28.8,79.3,0.483,8.33,18.4,122.8,40.9,139.8,"Rain, Partially cloudy",1013.2,2024-10-19T05:53:33,2024-10-19T17:29:18
2024-10-20,29.1,72.8,1.1,37.5,14.8,107.8,49.7,185.5,"Rain, Partially cloudy",1015.1,2024-10-20T05:53:56,2024-10-20T17:28:33
2024-10-21,26.4,90.0,32.914,4.17,10.1,53.8,68.6,72.5,"Rain, Partially cloudy",1014.5,2024-10-21T05:54:20,2024-10-21T17:27:49
2024-10-22,28.0,78.6,1.8,20.83,11.2,342.2,39.5,178.7,"Rain, Partially cloudy",1014.6,2024-10-22T05:54:44,2024-10-22T17:27:07
2024-10-23,27.2,61.5,0.002,4.17,26.9,24.7,47.2,202.4,"Rain, Partially cloudy",1015.2,2024-10-23T05:55:09,2024-10-23T17:26:25
2024-10-24,25.5,52.5,0.0,0.0,18.4,10.1,58.7,241.2,Partially cloudy,1012.7,2024-10-24T05:55:35,2024-10-24T17:25:44
2024-10-25,24.5,61.4,0.0,0.0,11.2,344.8,53.0,238.4,Partially cloudy,1010.1,2024-10-25T05:56:00,2024-10-25T17:25:04
2024-10-26,26.2,57.0,0.0,0.0,20.5,335.9,66.5,238.0,Partially cloudy,1008.4,2024-10-26T05:56:27,2024-10-26T17:24:24
2024-10-27,23.9,66.1,1.993,4.17,25.9,340.8,94.4,48.3,"Rain, Overcast",1010.3,2024-10-27T05:56:54,2024-10-27T17:23:46
2024-10-28,22.5,73.8,2.164,8.33,20.5,358.7,91.1,44.0,"Rain, Overcast",1011.9,2024-10-28T05:57:21,2024-10-28T17:23:09
2024-10-29,24.2,69.2,0.317,4.17,18.4,355.8,72.7,80.9,"Rain, Partially cloudy",1011.6,2024-10-29T05:57:49,2024-10-29T17:22:33
2024-10-30,26.1,67.7,0.017,4.17,14.8,356.5,46.1,186.1,"Rain, Partially cloudy",1011.7,2024-10-30T05:58:18,2024-10-30T17:21:58
2024-10-31,26.5,76.2,0.0,0.0,9.4,339.5,10.0,217.0,Clear,1010.1,2024-10-31T05:58:47,2024-10-31T17:21:24
2024-11-01,27.4,64.7,0.0,0.0,16.6,19.5,1.8,227.5,Clear,1012.3,2024-11-01T05:59:16,2024-11-01T17:20:51
2024-11-02,25.5,58.1,0.0,0.0,20.5,51.2,6.0,228.9,Clear,1016.9,2024-11-02T05:59:46,2024-11-02T17:20:19
2024-11-03,24.4,65.2,0.0,0.0,16.6,2.7,51.5,150.3,Partially cloudy,1017.5,2024-11-03T06:00:17,2024-11-03T17:19:48
2024-11-04,25.0,69.6,0.005,4.17,14.8,358.6,73.9,57.8,"Rain, Partially cloudy",1017.5,2024-11-04T06:00:48,2024-11-04T17:19:19
2024-11-05,24.0,74.7,1.273,12.5,16.6,0.9,63.4,44.0,"Rain, Partially cloudy",1019.1,2024-11-05T06:01:20,2024-11-05T17:18:50
2024-11-06,25.1,64.1,0.0,0.0,16.6,356.6,61.2,73.6,Partially cloudy,1019.4,2024-11-06T06:01:52,2024-11-06T17:18:23
2024-11-07,25.5,61.6,0.0,0.0,16.6,50.7,20.1,191.9,Partially cloudy,1019.1,2024-11-07T06:02:25,2024-11-07T17:17:57
2024-11-08,24.3,65.6,0.0,0.0,11.2,347.8,5.0,212.4,Clear,1017.7,2024-11-08T06:02:58,2024-11-08T17:17:32
2024-11-09,24.3,67.9,0.0,0.0,11.2,334.5,2.6,216.0,Clear,1015.3,2024-11-09T06:03:31,2024-11-09T17:17:09
2024-11-10,25.0,62.8,0.0,0.0,13.0,320.1,1.3,214.9,Clear,1015.2,2024-11-10T06:04:05,2024-11-10T17:16:47
2024-11-11,26.0,65.3,0.0,0.0,9.4,335.0,4.4,207.3,Clear,1014.1,2024-11-11T06:04:40,2024-11-11T17:16:26
2024-11-12,26.6,72.5,0.0,0.0,11.2,146.3,13.2,193.7,Clear,1012.6,2024-11-12T06:05:15,2024-11-12T17:16:06
2024-11-13,26.7,75.4,0.0,0.0,14.8,120.2,9.8,202.2,Clear,1011.0,2024-11-13T06:05:50,2024-11-13T17:15:48
2024-11-14,27.0,77.9,0.0,0.0,14.8,124.4,44.6,151.3,Partially cloudy,1010.5,2024-11-14T06:06:26,2024-11-14T17:15:31
2024-11-15,27.4,78.7,0.0,0.0,14.8,113.2,37.4,149.7,Partially cloudy,1009.6,2024-11-15T06:07:02,2024-11-15T17:15:15
2024-11-16,27.5,78.1,0.3,12.5,18.4,114.5,38.2,139.9,"Rain, Partially cloudy",1010.9,2024-11-16T06:07:39,2024-11-16T17:15:00
2024-11-17,27.2,73.5,0.0,0.0,11.2,81.7,21.3,217.4,Partially cloudy,1013.5,2024-11-17T06:08:16,2024-11-17T17:14:47
2024-11-18,25.6,76.3,4.4,50.0,25.9,64.8,39.7,97.2,"Rain, Partially cloudy",1015.9,2024-11-18T06:08:53,2024-11-18T17:14:36
2024-11-19,26.0,64.0,0.0,0.0,18.4,44.4,29.8,171.4,Partially cloudy,1017.2,2024-11-19T06:09:31,2024-11-19T17:14:25
2024-11-20,24.3,64.2,0.0,0.0,18.4,69.5,34.7,164.6,Partially cloudy,1018.0,2024-11-20T06:10:08,2024-11-20T17:14:16
2024-11-21,22.5,63.6,0.0,0.0,18.4,35.1,11.4,187.6,Clear,1018.2,2024-11-21T06:10:47,2024-11-21T17:14:09
2024-11-22,23.1,59.4,0.0,0.0,14.8,27.5,55.1,198.9,Partially cloudy,1018.4,2024-11-22T06:11:25,2024-11-22T17:14:02
2024-11-23,23.3,61.7,0.0,0.0,16.6,58.1,48.4,133.3,Partially cloudy,1018.7,2024-11-23T06:12:03,2024-11-23T17:13:57
2024-11-24,22.6,74.5,0.003,4.17,11.2,61.1,68.5,110.5,"Rain, Partially cloudy",1017.9,2024-11-24T06:12:42,2024-11-24T17:13:54
2024-11-25,24.2,76.1,1.3,12.5,9.4,69.6,74.2,108.0,"Rain, Partially cloudy",1017.1,2024-11-25T06:13:21,2024-11-25T17:13:52
2024-11-26,21.0,74.5,1.3,12.5,22.3,3.8,92.7,21.8,"Rain, Overcast",1019.1,2024-11-26T06:14:00,2024-11-26T17:13:51
2024-11-27,20.5,61.3,0.0,0.0,16.6,7.0,83.2,61.1,Partially cloudy,1021.2,2024-11-27T06:14:39,2024-11-27T17:13:52
2024-11-28,20.0,50.6,0.0,0.0,20.5,351.6,60.4,167.3,Partially cloudy,1024.1,2024-11-28T06:15:18,2024-11-28T17:13:53
2024-11-29,21.0,52.3,0.0,0.0,13.0,349.0,21.1,191.6,Partially cloudy,1021.4,2024-11-29T06:15:57,2024-11-29T17:13:57
2024-11-30,20.4,60.3,0.0,0.0,13.0,113.4,30.5,194.3,Partially cloudy,1016.7,2024-11-30T06:16:37,2024-11-30T17:14:01
2024-12-01,20.7,73.6,0.0,0.0,16.6,126.0,36.2,173.4,Partially cloudy,1013.1,2024-12-01T06:17:16,2024-12-01T17:14:07
2024-12-02,22.6,73.5,0.3,8.33,13.0,98.6,78.9,97.6,"Rain, Partially cloudy",1013.4,2024-12-02T06:17:55,2024-12-02T17:14:15
2024-12-03,23.8,78.3,0.6,20.83,18.4,116.0,80.1,109.1,"Rain, Partially cloudy",1013.8,2024-12-03T06:18:34,2024-12-03T17:14:24
2024-12-04,23.5,77.5,0.5,20.83,16.6,123.8,73.9,65.1,"Rain, Partially cloudy",1014.4,2024-12-04T06:19:12,2024-12-04T17:14:34
2024-12-05,23.3,76.4,0.0,0.0,24.4,126.0,51.5,79.7,Partially cloudy,1014.5,2024-12-05T06:19:51,2024-12-05T17:14:45
2024-12-06,21.5,85.6,0.007,4.17,18.4,68.0,81.6,55.3,"Rain, Partially cloudy",1014.3,2024-12-06T06:20:29,2024-12-06T17:14:57
2024-12-07,18.9,75.2,0.2,4.17,22.3,27.1,98.1,32.3,"Rain, Overcast",1017.8,2024-12-07T06:21:08,2024-12-07T17:15:11
2024-12-08,17.0,65.2,0.4,16.67,20.5,17.1,98.4,42.6,"Rain, Overcast",1021.7,2024-12-08T06:21:45,2024-12-08T17:15:26
2024-12-09,18.2,67.5,0.0,0.0,9.4,20.6,96.1,83.1,Overcast,1018.2,2024-12-09T06:22:23,2024-12-09T17:15:43
2024-12-10,20.5,77.8,0.3,12.5,11.2,62.3,89.9,73.6,"Rain, Partially cloudy",1013.7,2024-12-10T06:23:00,2024-12-10T17:16:00
2024-12-11,19.0,80.5,2.962,8.33,24.1,8.3,96.0,79.7,"Rain, Overcast",1016.3,2024-12-11T06:23:37,2024-12-11T17:16:19
2024-12-12,16.7,69.3,0.4,16.67,18.4,7.2,100.0,32.9,"Rain, Overcast",1018.5,2024-12-12T06:24:13,2024-12-12T17:16:39
2024-12-13,16.5,66.6,0.1,4.17,22.3,10.7,98.6,42.6,"Rain, Overcast",1021.6,2024-12-13T06:24:49,2024-12-13T17:17:00
2024-12-14,16.2,57.5,0.0,0.0,22.3,16.6,95.3,22.2,Overcast,1025.9,2024-12-14T06:25:24,2024-12-14T17:17:22
2024-12-15,16.0,55.9,0.007,8.33,14.8,356.7,78.1,24.6,"Rain, Partially cloudy",1026.5,2024-12-15T06:25:58,2024-12-15T17:17:46
2024-12-16,16.8,58.2,0.003,4.17,11.2,331.2,45.0,143.5,"Rain, Partially cloudy",1023.5,2024-12-16T06:26:33,2024-12-16T17:18:10
2024-12-17,18.5,55.2,0.0,0.0,14.8,41.8,28.2,183.8,Partially cloudy,1020.3,2024-12-17T06:27:06,2024-12-17T17:18:36
2024-12-18,19.6,49.4,0.0,0.0,20.5,14.4,35.8,159.9,Partially cloudy,1021.2,2024-12-18T06:27:39,2024-12-18T17:19:02
2024-12-19,17.5,56.3,0.0,0.0,16.6,55.7,17.5,151.2,Clear,1021.3,2024-12-19T06:28:11,2024-12-19T17:19:29
2024-12-20,17.6,59.9,0.0,0.0,18.4,113.7,24.7,181.0,Partially cloudy,1019.4,2024-12-20T06:28:42,2024-12-20T17:19:58
2024-12-21,17.8,61.7,0.0,0.0,13.0,20.6,53.7,135.7,Partially cloudy,1020.0,2024-12-21T06:29:13,2024-12-21T17:20:27
2024-12-22,17.1,63.7,0.0,0.0,13.0,96.8,26.5,192.7,Partially cloudy,1020.3,2024-12-22T06:29:42,2024-12-22T17:20:57
2024-12-23,16.5,64.9,0.0,0.0,11.2,22.8,3.5,194.6,Clear,1019.8,2024-12-23T06:30:11,2024-12-23T17:21:29
2024-12-24,18.5,53.2,0.0,0.0,16.6,0.4,42.5,177.4,Partially cloudy,1021.1,2024-12-24T06:30:39,2024-12-24T17:22:00
2024-12-25,20.1,58.9,0.0,0.0,13.0,108.6,29.4,184.4,Partially cloudy,1020.1,2024-12-25T06:31:06,2024-12-25T17:22:33
2024-12-26,20.8,61.0,0.0,0.0,13.0,14.5,89.5,112.3,Partially cloudy,1021.9,2024-12-26T06:31:32,2024-12-26T17:23:07
2024-12-27,18.5,68.9,0.003,4.17,20.5,27.1,98.5,41.5,"Rain, Overcast",1024.3,2024-12-27T06:31:57,2024-12-27T17:23:41
2024-12-28,18.7,57.2,0.017,4.17,18.4,358.7,57.1,129.1,"Rain, Partially cloudy",1025.9,2024-12-28T06:32:21,2024-12-28T17:24:16
2024-12-29,18.0,60.6,0.0,0.0,16.6,120.5,22.1,191.3,Partially cloudy,1021.5,2024-12-29T06:32:44,2024-12-29T17:24:51
2024-12-30,17.6,73.5,0.0,0.0,11.2,3.7,66.9,84.9,Partially cloudy,1020.6,2024-12-30T06:33:06,2024-12-30T17:25:27
2024-12-31,18.1,69.8,0.0,0.0,18.4,349.7,52.8,81.7,Partially cloudy,1021.1,2024-12-31T06:33:27,2024-12-31T17:26:04
2025-01-01,17.9,73.7,0.0,0.0,13.0,132.3,12.2,193.0,Clear,1017.3,2025-01-01T06:33:47,2025-01-01T17:26:41
2025-01-02,19.4,71.3,0.0,0.0,9.4,27.2,23.7,189.6,Partially cloudy,1018.4,2025-01-02T06:34:06,2025-01-02T17:27:19
2025-01-03,20.2,64.3,0.0,0.0,13.0,34.7,9.6,190.7,Clear,1019.8,2025-01-03T06:34:23,2025-01-03T17:27:57
2025-01-04,18.8,66.1,0.0,0.0,14.8,130.6,10.6,168.0,Clear,1018.9,2025-01-04T06:34:40,2025-01-04T17:28:36
2025-01-05,19.0,63.7,0.0,0.0,11.2,278.7,15.0,195.8,Clear,1020.4,2025-01-05T06:34:55,2025-01-05T17:29:15
2025-01-06,18.6,63.4,0.0,0.0,16.6,98.9,9.4,199.7,Clear,1017.8,2025-01-06T06:35:09,2025-01-06T17:29:54
2025-01-07,18.3,74.6,0.0,0.0,11.2,114.0,36.7,127.7,Partially cloudy,1017.3,2025-01-07T06:35:22,2025-01-07T17:30:34
2025-01-08,20.1,75.4,0.6,20.83,16.6,111.7,71.0,102.1,"Rain, Partially cloudy",1018.0,2025-01-08T06:35:33,2025-01-08T17:31:14
2025-01-09,19.5,60.4,0.0,0.0,20.5,47.6,56.4,74.2,Partially cloudy,1021.3,2025-01-09T06:35:43,2025-01-09T17:31:54
2025-01-10,16.5,51.8,0.0,0.0,20.5,24.0,35.1,103.6,Partially cloudy,1027.9,2025-01-10T06:35:52,2025-01-10T17:32:34
2025-01-11,15.6,50.9,0.0,0.0,22.3,13.5,23.6,94.6,Partially cloudy,1030.5,2025-01-11T06:36:00,2025-01-11T17:33:15
2025-01-12,14.5,53.2,0.0,0.0,16.6,343.1,3.7,211.0,Clear,1026.9,2025-01-12T06:36:06,2025-01-12T17:33:55
2025-01-13,14.9,60.5,0.0,0.0,9.4,134.8,2.8,211.5,Clear,1022.0,2025-01-13T06:36:11,2025-01-13T17:34:36
2025-01-14,16.3,72.3,0.0,0.0,11.2,2.4,14.6,200.4,Clear,1021.1,2025-01-14T06:36:15,2025-01-14T17:35:17
2025-01-15,19.5,60.3,0.1,4.17,16.6,57.3,30.6,75.6,"Rain, Partially cloudy",1024.2,2025-01-15T06:36:17,2025-01-15T17:35:58
2025-01-16,18.6,51.3,0.0,0.0,20.5,30.8,13.2,168.1,Clear,1024.7,2025-01-16T06:36:19,2025-01-16T17:36:38
2025-01-17,17.4,66.8,0.0,0.0,18.4,122.1,5.9,210.9,Clear,1021.0,2025-01-17T06:36:18,2025-01-17T17:37:19
2025-01-18,16.0,72.9,0.0,0.0,14.8,347.0,64.8,112.8,Partially cloudy,1019.1,2025-01-18T06:36:17,2025-01-18T17:38:00
2025-01-19,18.3,66.6,0.0,0.0,13.0,265.5,39.2,183.6,Partially cloudy,1017.1,2025-01-19T06:36:14,2025-01-19T17:38:40
2025-01-20,19.1,63.4,0.0,0.0,11.2,87.9,19.0,203.7,Clear,1015.5,2025-01-20T06:36:09,2025-01-20T17:39:21
2025-01-21,19.3,66.5,0.0,0.0,18.4,122.5,7.7,208.8,Clear,1014.9,2025-01-21T06:36:04,2025-01-21T17:40:01
2025-01-22,19.0,81.3,0.3,12.5,14.8,97.1,78.5,66.2,"Rain, Partially cloudy",1015.3,2025-01-22T06:35:57,2025-01-22T17:40:41
2025-01-23,19.9,83.2,0.0,0.0,20.5,119.5,86.2,71.7,Partially cloudy,1014.4,2025-01-23T06:35:49,2025-01-23T17:41:21
2025-01-24,20.5,87.4,0.1,4.17,20.5,114.1,89.6,100.6,"Rain, Partially cloudy",1011.2,2025-01-24T06:35:39,2025-01-24T17:42:00
2025-01-25,21.8,86.1,1.4,4.17,20.5,121.8,94.2,60.7,"Rain, Overcast",1012.7,2025-01-25T06:35:28,2025-01-25T17:42:40
2025-01-26,16.1,66.9,1.9,4.17,38.9,17.2,63.7,25.0,"Rain, Partially cloudy",1023.3,2025-01-26T06:35:16,2025-01-26T17:43:19
2025-01-27,15.6,44.1,0.0,0.0,22.3,13.5,18.4,89.9,Clear,1023.7,2025-01-27T06:35:02,2025-01-27T17:43:57
2025-01-28,14.6,47.8,0.0,0.0,20.5,24.4,25.0,151.1,Partially cloudy,1025.0,2025-01-28T06:34:48,2025-01-28T17:44:36
2025-01-29,14.3,59.4,0.0,0.0,11.2,337.8,21.5,185.5,Partially cloudy,1023.4,2025-01-29T06:34:32,2025-01-29T17:45:14
2025-01-30,17.0,66.4,0.0,0.0,18.4,127.5,30.9,145.4,Partially cloudy,1016.3,2025-01-30T06:34:14,2025-01-30T17:45:52
2025-01-31,20.6,80.3,0.1,4.17,20.5,123.5,75.1,106.7,"Rain, Partially cloudy",1012.5,2025-01-31T06:33:56,2025-01-31T17:46:29
2025-02-01,20.5,86.9,2.6,8.33,18.4,123.1,95.1,94.7,"Rain, Overcast",1010.8,2025-02-01T06:33:36,2025-02-01T17:47:06
2025-02-02,21.5,80.5,0.9,25.0,18.4,130.9,96.0,63.2,"Rain, Overcast",1012.0,2025-02-02T06:33:15,2025-02-02T17:47:42
2025-02-03,17.0,65.8,3.6,33.33,27.7,35.0,80.6,30.2,"Rain, Partially cloudy",1020.0,2025-02-03T06:32:52,2025-02-03T17:48:18
2025-02-04,17.0,49.7,0.0,0.0,18.4,78.4,21.9,112.6,Partially cloudy,1021.8,2025-02-04T06:32:29,2025-02-04T17:48:54
2025-02-05,16.7,70.9,0.0,0.0,18.4,107.3,76.7,84.0,Partially cloudy,1017.0,2025-02-05T06:32:04,2025-02-05T17:49:29
2025-02-06,15.4,93.9,1.8,4.17,13.5,53.5,100.0,40.8,"Rain, Overcast",1015.6,2025-02-06T06:31:38,2025-02-06T17:50:04
2025-02-07,14.5,76.7,2.6,4.17,18.4,27.6,100.0,36.9,"Rain, Overcast",1021.7,2025-02-07T06:31:11,2025-02-07T17:50:38
2025-02-08,14.3,63.9,0.4,12.5,20.5,36.8,78.5,42.4,"Rain, Partially cloudy",1025.0,2025-02-08T06:30:43,2025-02-08T17:51:12
2025-02-09,14.7,55.8,0.0,0.0,16.6,56.3,80.5,95.2,Partially cloudy,1023.6,2025-02-09T06:30:13,2025-02-09T17:51:45
2025-02-10,15.4,64.4,0.0,0.0,11.2,50.0,89.0,142.5,Partially cloudy,1020.4,2025-02-10T06:29:43,2025-02-10T17:52:18
2025-02-11,18.4,72.2,0.0,0.0,16.6,144.0,89.8,109.4,Partially cloudy,1017.0,2025-02-11T06:29:11,2025-02-11T17:52:50
2025-02-12,19.1,83.0,0.1,4.17,13.0,297.0,85.0,91.1,"Rain, Partially cloudy",1016.8,2025-02-12T06:28:39,2025-02-12T17:53:22
2025-02-13,19.4,79.8,1.3,16.67,18.4,32.1,64.6,82.9,"Rain, Partially cloudy",1017.5,2025-02-13T06:28:05,2025-02-13T17:53:53
2025-02-14,19.9,82.6,0.0,0.0,16.6,115.2,93.5,65.9,Overcast,1015.4,2025-02-14T06:27:31,2025-02-14T17:54:24
2025-02-15,20.6,90.2,0.1,4.17,20.5,122.5,95.5,59.7,"Rain, Overcast",1013.2,2025-02-15T06:26:55,2025-02-15T17:54:54
2025-02-16,16.8,90.9,5.2,4.17,22.3,43.4,98.5,32.1,"Rain, Overcast",1016.9,2025-02-16T06:26:18,2025-02-16T17:55:24
2025-02-17,16.0,90.8,1.9,4.17,14.8,22.4,99.3,80.3,"Rain, Overcast",1019.3,2025-02-17T06:25:41,2025-02-17T17:55:54
2025-02-18,15.4,93.3,5.0,4.17,14.8,31.2,98.3,39.3,"Rain, Overcast",1020.3,2025-02-18T06:25:02,2025-02-18T17:56:23
2025-02-19,15.7,95.4,0.6,4.17,9.4,35.8,98.5,41.8,"Rain, Overcast",1019.0,2025-02-19T06:24:23,2025-02-19T17:56:51
2025-02-20,18.4,93.9,0.6,4.17,11.2,111.5,95.5,81.1,"Rain, Overcast",1018.7,2025-02-20T06:23:43,2025-02-20T17:57:19
2025-02-21,18.9,91.6,1.6,4.17,16.6,62.0,93.5,41.9,"Rain, Overcast",1019.6,2025-02-21T06:23:02,2025-02-21T17:57:46
2025-02-22,18.0,92.6,4.3,4.17,16.6,67.9,95.3,48.1,"Rain, Overcast",1020.3,2025-02-22T06:22:20,2025-02-22T17:58:13
2025-02-23,16.3,87.2,5.1,4.17,24.1,37.2,99.5,40.9,"Rain, Overcast",1024.6,2025-02-23T06:21:37,2025-02-23T17:58:40
2025-02-24,13.6,84.1,1.2,4.17,16.6,22.1,100.0,41.8,"Rain, Overcast",1027.7,2025-02-24T06:20:54,2025-02-24T17:59:06
2025-02-25,13.9,92.3,11.4,4.17,9.4,21.2,98.0,34.0,"Rain, Overcast",1025.8,2025-02-25T06:20:09,2025-02-25T17:59:31
2025-02-26,14.9,88.8,1.2,4.17,13.0,42.9,97.9,53.5,"Rain, Overcast",1022.8,2025-02-26T06:19:24,2025-02-26T17:59:56
2025-02-27,18.1,86.5,0.0,0.0,16.6,118.5,95.6,125.2,Overcast,1017.3,2025-02-27T06:18:39,2025-02-27T18:00:21
2025-02-28,20.4,86.2,0.0,0.0,16.6,131.8,99.0,123.1,Overcast,1015.0,2025-02-28T06:17:53,2025-02-28T18:00:46
2025-03-01,21.5,90.9,0.6,4.17,16.6,129.3,94.7,139.0,"Rain, Overcast",1011.5,2025-03-01T06:17:06,2025-03-01T18:01:09
2025-03-02,22.1,93.4,1.2,4.17,16.6,113.3,98.1,146.4,"Rain, Overcast",1009.6,2025-03-02T06:16:18,2025-03-02T18:01:33
2025-03-03,23.8,89.7,0.2,4.17,16.6,116.5,97.0,163.0,"Rain, Overcast",1008.6,2025-03-03T06:15:30,2025-03-03T18:01:56
2025-03-04,24.9,85.8,0.1,4.17,18.4,128.5,91.6,171.8,"Rain, Overcast",1007.2,2025-03-04T06:14:41,2025-03-04T18:02:19
2025-03-05,23.9,86.3,0.1,4.17,22.3,119.7,98.3,72.2,"Rain, Overcast",1008.9,2025-03-05T06:13:52,2025-03-05T18:02:41
2025-03-06,17.3,64.8,0.607,8.33,27.7,58.8,87.0,45.8,"Rain, Partially cloudy",1019.0,2025-03-06T06:13:02,2025-03-06T18:03:03
2025-03-07,16.8,54.9,0.4,16.67,14.8,52.6,43.4,59.9,"Rain, Partially cloudy",1021.3,2025-03-07T06:12:12,2025-03-07T18:03:25
2025-03-08,16.3,70.8,0.0,0.0,9.4,58.0,73.9,91.4,Partially cloudy,1020.3,2025-03-08T06:11:21,2025-03-08T18:03:47
2025-03-09,18.4,80.4,0.3,8.33,11.2,99.5,92.1,64.0,"Rain, Overcast",1020.4,2025-03-09T06:10:30,2025-03-09T18:04:08
2025-03-10,19.9,88.3,0.4,12.5,13.0,132.7,95.3,86.8,"Rain, Overcast",1019.1,2025-03-10T06:09:39,2025-03-10T18:04:28
2025-03-11,21.7,85.3,0.3,12.5,18.4,125.8,91.5,100.3,"Rain, Overcast",1014.5,2025-03-11T06:08:47,2025-03-11T18:04:49
2025-03-12,22.4,91.4,0.1,4.17,20.5,122.5,97.4,98.8,"Rain, Overcast",1011.4,2025-03-12T06:07:54,2025-03-12T18:05:09
2025-03-13,22.9,94.9,1.6,4.17,18.4,122.8,98.5,72.8,"Rain, Overcast",1011.2,2025-03-13T06:07:02,2025-03-13T18:05:29
2025-03-14,24.7,88.6,0.1,4.17,22.3,122.3,93.1,102.3,"Rain, Overcast",1010.8,2025-03-14T06:06:09,2025-03-14T18:05:49
2025-03-15,24.6,84.1,0.1,4.17,29.5,92.9,93.3,65.1,"Rain, Overcast",1012.7,2025-03-15T06:05:16,2025-03-15T18:06:09
2025-03-16,20.2,56.7,11.1,4.17,22.3,46.8,45.2,102.7,"Rain, Partially cloudy",1019.3,2025-03-16T06:04:22,2025-03-16T18:06:28
2025-03-17,18.1,63.1,0.1,4.17,13.0,86.1,35.3,110.9,"Rain, Partially cloudy",1020.6,2025-03-17T06:03:29,2025-03-17T18:06:47
2025-03-18,18.2,56.3,0.0,0.0,14.8,15.8,38.3,92.1,Partially cloudy,1023.9,2025-03-18T06:02:35,2025-03-18T18:07:06
2025-03-19,19.4,51.9,0.0,0.0,18.4,332.2,29.9,251.9,Partially cloudy,1025.7,2025-03-19T06:01:41,2025-03-19T18:07:25
2025-03-20,21.0,50.4,0.0,0.0,11.2,292.2,23.6,277.5,Partially cloudy,1024.0,2025-03-20T06:00:47,2025-03-20T18:07:44
2025-03-21,21.3,51.0,0.0,0.0,16.6,144.7,7.0,281.6,Clear,1021.9,2025-03-21T05:59:53,2025-03-21T18:08:03
2025-03-22,21.7,59.8,0.0,0.0,14.8,109.0,2.7,283.5,Clear,1019.5,2025-03-22T05:58:59,2025-03-22T18:08:21
2025-03-23,22.2,74.4,0.0,0.0,18.4,132.6,37.2,276.9,Partially cloudy,1016.8,2025-03-23T05:58:04,2025-03-23T18:08:40
2025-03-24,23.8,73.2,0.0,0.0,18.4,126.6,10.3,266.4,Clear,1013.2,2025-03-24T05:57:10,2025-03-24T18:08:58
2025-03-25,23.5,79.1,0.0,0.0,16.6,110.5,45.7,235.3,Partially cloudy,1008.1,2025-03-25T05:56:15,2025-03-25T18:09:16
2025-03-26,23.4,83.5,0.0,0.0,20.5,129.8,91.7,248.6,Overcast,1005.5,2025-03-26T05:55:21,2025-03-26T18:09:34
2025-03-27,23.6,91.9,0.0,0.0,18.4,120.2,98.4,242.9,Overcast,1002.9,2025-03-27T05:54:27,2025-03-27T18:09:52
2025-03-28,25.3,87.8,0.2,4.17,20.5,116.5,90.9,137.0,"Rain, Overcast",1006.6,2025-03-28T05:53:32,2025-03-28T18:10:11
2025-03-29,18.2,84.0,3.0,4.17,31.7,48.8,98.7,41.8,"Rain, Overcast",1015.0,2025-03-29T05:52:38,2025-03-29T18:10:29
2025-03-30,15.3,70.3,0.2,4.17,18.4,36.9,98.3,60.6,"Rain, Overcast",1021.3,2025-03-30T05:51:44,2025-03-30T18:10:47
2025-03-31,16.6,61.8,0.0,0.0,14.8,25.2,77.1,130.4,Partially cloudy,1020.4,2025-03-31T05:50:50,2025-03-31T18:11:05
2025-04-01,19.4,57.5,0.0,0.0,13.0,318.3,37.8,196.3,Partially cloudy,1019.2,2025-04-01T05:49:56,2025-04-01T18:11:23
2025-04-02,21.3,63.9,0.0,0.0,18.4,282.8,25.5,264.1,Partially cloudy,1018.7,2025-04-02T05:49:03,2025-04-02T18:11:41
2025-04-03,22.6,58.3,0.0,0.0,20.5,141.2,15.2,287.0,Clear,1017.5,2025-04-03T05:48:10,2025-04-03T18:11:59
2025-04-04,22.0,75.0,0.0,0.0,20.5,120.0,55.8,182.6,Partially cloudy,1013.2,2025-04-04T05:47:16,2025-04-04T18:12:18
2025-04-05,21.3,93.2,1.1,4.17,16.6,79.4,92.0,55.8,"Rain, Overcast",1014.1,2025-04-05T05:46:24,2025-04-05T18:12:36
2025-04-06,22.3,87.2,3.8,4.17,18.4,117.9,89.8,124.0,"Rain, Partially cloudy",1014.7,2025-04-06T05:45:31,2025-04-06T18:12:55
2025-04-07,21.8,90.3,1.4,4.17,11.2,134.9,90.6,81.0,"Rain, Overcast",1015.6,2025-04-07T05:44:39,2025-04-07T18:13:13
2025-04-08,23.9,82.6,0.0,0.0,14.8,123.1,85.3,134.7,Partially cloudy,1014.6,2025-04-08T05:43:47,2025-04-08T18:13:32
2025-04-09,24.8,85.0,0.0,0.0,18.4,126.9,95.6,133.6,Overcast,1010.7,2025-04-09T05:42:55,2025-04-09T18:13:51
2025-04-10,24.5,89.5,0.2,4.17,22.3,120.2,97.3,103.1,"Rain, Overcast",1007.1,2025-04-10T05:42:04,2025-04-10T18:14:10
2025-04-11,25.2,89.6,0.3,4.17,18.4,119.4,96.3,195.3,"Rain, Overcast",1005.3,2025-04-11T05:41:13,2025-04-11T18:14:29
2025-04-12,26.0,80.5,0.1,4.17,25.9,20.8,74.7,238.3,"Rain, Partially cloudy",1008.3,2025-04-12T05:40:23,2025-04-12T18:14:48
2025-04-13,23.1,60.5,1.9,4.17,18.4,308.9,35.1,248.5,"Rain, Partially cloudy",1017.0,2025-04-13T05:39:33,2025-04-13T18:15:07
2025-04-14,24.2,57.8,0.2,8.33,11.2,272.6,24.6,167.6,"Rain, Partially cloudy",1014.6,2025-04-14T05:38:44,2025-04-14T18:15:27
2025-04-15,25.8,58.4,0.0,0.0,18.4,149.6,11.7,297.6,Clear,1012.2,2025-04-15T05:37:55,2025-04-15T18:15:46
2025-04-16,25.6,60.9,0.0,0.0,24.1,105.0,17.5,277.9,Clear,1008.9,2025-04-16T05:37:07,2025-04-16T18:16:06
2025-04-17,25.4,82.4,0.3,4.17,20.5,117.3,85.5,266.4,"Rain, Partially cloudy",1006.4,2025-04-17T05:36:19,2025-04-17T18:16:26
2025-04-18,27.0,83.9,0.1,4.17,18.4,108.6,84.9,184.4,"Rain, Partially cloudy",1005.3,2025-04-18T05:35:32,2025-04-18T18:16:47
2025-04-19,28.3,81.9,0.1,4.17,22.3,95.1,54.9,253.4,"Rain, Partially cloudy",1005.4,2025-04-19T05:34:45,2025-04-19T18:17:07
2025-04-20,28.6,80.2,0.2,4.17,27.7,108.4,59.1,247.3,"Rain, Partially cloudy",1006.6,2025-04-20T05:33:59,2025-04-20T18:17:28
2025-04-21,26.7,85.9,10.8,4.17,22.3,119.5,81.7,244.1,"Rain, Partially cloudy",1008.8,2025-04-21T05:33:13,2025-04-21T18:17:49
2025-04-22,27.4,86.3,0.0,0.0,18.4,115.1,91.6,259.0,Overcast,1007.7,2025-04-22T05:32:29,2025-04-22T18:18:10
2025-04-23,28.3,81.7,15.0,16.67,24.1,107.3,64.7,270.1,"Rain, Partially cloudy",1005.7,2025-04-23T05:31:45,2025-04-23T18:18:31
2025-04-24,27.7,83.9,0.1,4.17,18.4,97.3,84.5,172.7,"Rain, Partially cloudy",1006.4,2025-04-24T05:31:01,2025-04-24T18:18:53
2025-04-25,25.8,80.1,18.5,4.17,18.4,33.3,88.9,114.8,"Rain, Partially cloudy",1010.3,2025-04-25T05:30:19,2025-04-25T18:19:14
2025-04-26,26.2,83.6,0.3,12.5,22.3,128.2,98.2,89.1,"Rain, Overcast",1010.6,2025-04-26T05:29:37,2025-04-26T18:19:36
2025-04-27,27.4,86.9,0.2,4.17,22.3,120.6,93.6,154.5,"Rain, Overcast",1010.0,2025-04-27T05:28:56,2025-04-27T18:19:59
2025-04-28,25.5,88.5,6.6,4.17,25.9,5.2,72.5,37.9,"Rain, Partially cloudy",1011.7,2025-04-28T05:28:15,2025-04-28T18:20:21
2025-04-29,25.6,86.4,0.1,4.17,22.3,306.8,56.4,206.9,"Rain, Partially cloudy",1012.2,2025-04-29T05:27:36,2025-04-29T18:20:44
2025-04-30,27.3,84.5,0.4,4.17,13.0,112.8,69.5,216.8,"Rain, Partially cloudy",1011.2,2025-04-30T05:26:57,2025-04-30T18:21:07
2025-05-01,25.8,84.2,35.4,4.17,27.7,319.0,49.3,137.1,"Rain, Partially cloudy",1013.5,2025-05-01T05:26:19,2025-05-01T18:21:30
2025-05-02,27.8,74.1,0.0,0.0,16.6,144.3,10.0,279.5,Clear,1010.2,2025-05-02T05:25:42,2025-05-02T18:21:53
2025-05-03,28.2,81.0,0.0,0.0,25.9,125.6,57.7,230.3,Partially cloudy,1007.3,2025-05-03T05:25:06,2025-05-03T18:22:16
2025-05-04,28.6,81.0,1.6,4.17,18.4,125.2,64.6,266.0,"Rain, Partially cloudy",1005.4,2025-05-04T05:24:30,2025-05-04T18:22:40
2025-05-05,29.5,80.9,0.0,0.0,24.1,108.4,49.9,274.7,Partially cloudy,1004.6,2025-05-05T05:23:56,2025-05-05T18:23:04
2025-05-06,29.4,82.6,0.3,8.33,22.3,114.8,65.7,222.5,"Rain, Partially cloudy",1005.1,2025-05-06T05:23:22,2025-05-06T18:23:28
2025-05-07,29.9,82.2,1.2,29.17,22.3,114.0,82.7,198.9,"Rain, Partially cloudy",1003.5,2025-05-07T05:22:50,2025-05-07T18:23:52
2025-05-08,31.0,79.8,0.0,0.0,22.3,115.3,65.2,284.5,Partially cloudy,1002.3,2025-05-08T05:22:18,2025-05-08T18:24:17
2025-05-09,30.7,76.5,2.2,12.5,18.4,84.6,61.7,236.6,"Rain, Partially cloudy",1004.8,2025-05-09T05:21:47,2025-05-09T18:24:42
2025-05-10,27.4,81.6,4.4,4.17,20.5,70.4,94.1,180.2,"Rain, Overcast",1008.3,2025-05-10T05:21:18,2025-05-10T18:25:06
2025-05-11,23.7,74.3,50.3,4.17,18.4,3.3,47.4,126.9,"Rain, Partially cloudy",1012.3,2025-05-11T05:20:49,2025-05-11T18:25:31
2025-05-12,25.3,62.5,0.0,0.0,22.3,111.8,14.1,321.5,Clear,1010.4,2025-05-12T05:20:21,2025-05-12T18:25:56
2025-05-13,26.5,70.8,0.0,0.0,24.1,118.8,23.0,235.1,Partially cloudy,1009.9,2025-05-13T05:19:55,2025-05-13T18:26:22
2025-05-14,27.6,83.1,0.2,8.33,14.8,116.7,73.9,193.3,"Rain, Partially cloudy",1010.1,2025-05-14T05:19:29,2025-05-14T18:26:47
2025-05-15,28.0,84.7,3.6,29.17,18.4,121.6,68.9,138.2,"Rain, Partially cloudy",1009.5,2025-05-15T05:19:05,2025-05-15T18:27:12
2025-05-16,28.1,85.0,0.2,4.17,18.4,135.3,76.7,109.5,"Rain, Partially cloudy",1008.4,2025-05-16T05:18:41,2025-05-16T18:27:38
2025-05-17,28.0,86.3,10.2,4.17,22.3,128.3,71.6,124.3,"Rain, Partially cloudy",1008.2,2025-05-17T05:18:18,2025-05-17T18:28:03
2025-05-18,28.8,81.8,5.0,4.17,14.8,119.0,58.2,146.4,"Rain, Partially cloudy",1007.8,2025-05-18T05:17:57,2025-05-18T18:28:29
2025-05-19,27.5,87.0,1.2,4.17,18.4,105.8,86.7,141.4,"Rain, Partially cloudy",1007.0,2025-05-19T05:17:37,2025-05-19T18:28:54
2025-05-20,29.4,84.5,11.2,4.17,22.3,123.5,70.7,239.6,"Rain, Partially cloudy",1004.9,2025-05-20T05:17:17,2025-05-20T18:29:20
2025-05-21,29.3,84.3,37.0,4.17,27.7,120.4,56.5,255.3,"Rain, Partially cloudy",1005.2,2025-05-21T05:16:59,2025-05-21T18:29:46
2025-05-22,29.5,80.9,0.2,8.33,22.3,122.0,55.6,199.4,"Rain, Partially cloudy",1004.3,2025-05-22T05:16:42,2025-05-22T18:30:11
2025-05-23,26.5,92.9,41.0,4.17,16.4,85.4,74.0,112.9,"Rain, Partially cloudy",1005.6,2025-05-23T05:16:26,2025-05-23T18:30:37
2025-05-24,24.5,87.9,45.0,12.5,16.6,356.0,90.4,65.6,"Rain, Overcast",1010.6,2025-05-24T05:16:11,2025-05-24T18:31:02
2025-05-25,23.4,78.6,7.7,4.17,24.1,4.1,77.2,68.8,"Rain, Partially cloudy",1014.7,2025-05-25T05:15:57,2025-05-25T18:31:28
2025-05-26,24.9,69.0,0.0,0.0,13.0,22.3,56.4,135.9,Partially cloudy,1014.2,2025-05-26T05:15:44,2025-05-26T18:31:53
2025-05-27,24.4,83.8,7.6,37.5,9.4,330.4,98.3,44.7,"Rain, Overcast",1011.6,2025-05-27T05:15:32,2025-05-27T18:32:18
2025-05-28,27.1,84.1,1.3,4.17,20.5,134.5,75.9,204.7,"Rain, Partially cloudy",1007.8,2025-05-28T05:15:22,2025-05-28T18:32:43
2025-05-29,26.8,87.3,3.8,4.17,24.1,47.4,87.9,108.9,"Rain, Partially cloudy",1007.2,2025-05-29T05:15:12,2025-05-29T18:33:08
2025-05-30,26.6,86.6,6.3,4.17,16.6,89.0,88.0,79.0,"Rain, Partially cloudy",1007.3,2025-05-30T05:15:04,2025-05-30T18:33:32
2025-05-31,29.6,82.7,0.0,0.0,22.3,123.6,74.1,239.9,Partially cloudy,1003.8,2025-05-31T05:14:56,2025-05-31T18:33:56
2025-06-01,33.0,67.5,0.0,0.0,25.9,239.9,14.5,301.9,Clear,999.4,2025-06-01T05:14:50,2025-06-01T18:34:20
2025-06-02,34.6,58.3,2.0,12.5,20.5,269.5,19.0,295.7,Rain,999.0,2025-06-02T05:14:45,2025-06-02T18:34:44
2025-06-03,30.3,74.0,15.1,4.17,16.6,64.4,62.8,157.6,"Rain, Partially cloudy",1003.2,2025-06-03T05:14:41,2025-06-03T18:35:08
2025-06-04,28.7,82.0,10.9,4.17,13.0,53.1,70.6,168.5,"Rain, Partially cloudy",1006.2,2025-06-04T05:14:37,2025-06-04T18:35:31
2025-06-05,29.7,81.3,2.5,20.83,22.3,159.5,55.0,198.1,"Rain, Partially cloudy",1006.6,2025-06-05T05:14:35,2025-06-05T18:35:53
2025-06-06,30.5,81.3,1.3,12.5,20.5,118.4,53.4,233.6,"Rain, Partially cloudy",1005.6,2025-06-06T05:14:34,2025-06-06T18:36:16
2025-06-07,29.8,84.8,18.8,4.17,18.4,113.3,70.9,237.4,"Rain, Partially cloudy",1004.6,2025-06-07T05:14:34,2025-06-07T18:36:38
2025-06-08,28.5,87.7,0.614,4.17,16.6,100.4,69.8,184.5,"Rain, Partially cloudy",1003.8,2025-06-08T05:14:35,2025-06-08T18:36:59
2025-06-09,29.2,79.1,0.2,4.17,11.2,262.2,53.8,107.7,"Rain, Partially cloudy",1004.0,2025-06-09T05:14:37,2025-06-09T18:37:20
2025-06-10,27.7,83.6,26.5,50.0,25.9,317.0,68.9,73.2,"Rain, Partially cloudy",1005.0,2025-06-10T05:14:40,2025-06-10T18:37:40
2025-06-11,28.7,78.9,2.2,12.5,20.5,306.0,30.4,274.6,"Rain, Partially cloudy",1004.2,2025-06-11T05:14:44,2025-06-11T18:38:00
2025-06-12,29.5,77.6,9.0,4.17,16.6,342.3,59.6,158.7,"Rain, Partially cloudy",1003.1,2025-06-12T05:14:49,2025-06-12T18:38:20
2025-06-13,30.1,75.1,2.0,4.17,20.5,347.1,38.7,159.2,"Rain, Partially cloudy",1002.1,2025-06-13T05:14:55,2025-06-13T18:38:39
2025-06-14,32.2,65.7,0.0,0.0,16.6,33.5,22.5,272.0,Partially cloudy,1000.8,2025-06-14T05:15:01,2025-06-14T18:38:57
2025-06-15,30.3,80.4,4.0,4.17,24.1,64.2,34.9,273.3,"Rain, Partially cloudy",1001.9,2025-06-15T05:15:09,2025-06-15T18:39:14
2025-06-16,26.5,91.1,9.0,8.33,13.0,11.7,83.2,130.8,"Rain, Partially cloudy",1004.8,2025-06-16T05:15:17,2025-06-16T18:39:31
2025-06-17,29.1,84.9,1.052,8.33,18.4,136.1,63.2,161.6,"Rain, Partially cloudy",1004.3,2025-06-17T05:15:27,2025-06-17T18:39:47
2025-06-18,31.0,74.9,2.0,29.17,20.5,149.0,33.2,159.9,"Rain, Partially cloudy",1003.4,2025-06-18T05:15:37,2025-06-18T18:40:03
2025-06-19,31.1,78.2,0.1,4.17,18.4,138.4,57.4,234.8,"Rain, Partially cloudy",1002.9,2025-06-19T05:15:48,2025-06-19T18:40:17
2025-06-20,30.3,81.0,1.7,16.67,18.4,122.2,62.8,172.0,"Rain, Partially cloudy",1003.1,2025-06-20T05:16:00,2025-06-20T18:40:31
2025-06-21,27.7,91.2,19.5,8.33,22.3,106.4,81.4,138.6,"Rain, Partially cloudy",1004.4,2025-06-21T05:16:12,2025-06-21T18:40:45
2025-06-22,27.0,91.8,74.0,12.5,20.5,70.8,80.1,161.0,"Rain, Partially cloudy",1005.4,2025-06-22T05:16:25,2025-06-22T18:40:57
2025-06-23,29.3,84.7,4.9,33.33,20.5,100.2,65.4,196.5,"Rain, Partially cloudy",1004.5,2025-06-23T05:16:39,2025-06-23T18:41:08
2025-06-24,30.1,83.7,5.3,25.0,20.5,131.0,74.8,248.6,"Rain, Partially cloudy",1004.5,2025-06-24T05:16:54,2025-06-24T18:41:19
2025-06-25,29.9,80.6,21.0,4.17,20.5,118.3,46.7,232.9,"Rain, Partially cloudy",1006.5,2025-06-25T05:17:09,2025-06-25T18:41:29
2025-06-26,29.9,79.9,7.4,41.67,33.5,144.0,52.3,239.0,"Rain, Partially cloudy",1005.5,2025-06-26T05:17:25,2025-06-26T18:41:38
2025-06-27,27.2,90.9,3.8,8.33,13.0,77.5,62.0,105.5,"Rain, Partially cloudy",1004.1,2025-06-27T05:17:42,2025-06-27T18:41:46
2025-06-28,27.8,88.4,5.0,12.5,16.6,90.0,69.8,125.5,"Rain, Partially cloudy",1003.2,2025-06-28T05:17:59,2025-06-28T18:41:53
2025-06-29,28.6,86.8,9.4,45.83,16.6,115.7,83.8,122.7,"Rain, Partially cloudy",1001.2,2025-06-29T05:18:17,2025-06-29T18:41:59
2025-06-30,28.2,88.2,6.0,4.17,18.4,113.1,82.0,112.3,"Rain, Partially cloudy",1001.6,2025-06-30T05:18:35,2025-06-30T18:42:04
2025-07-01,26.8,89.1,10.717,12.5,20.5,114.3,86.6,99.8,"Rain, Partially cloudy",1004.0,2025-07-01T05:18:54,2025-07-01T18:42:08
2025-07-02,27.4,89.0,28.881,8.33,16.6,103.4,67.8,107.8,"Rain, Partially cloudy",1006.3,2025-07-02T05:19:14,2025-07-02T18:42:11
2025-07-03,27.4,90.0,51.112,8.33,25.9,87.5,79.9,124.2,"Rain, Partially cloudy",1006.9,2025-07-03T05:19:33,2025-07-03T18:42:13
2025-07-04,29.3,79.0,0.6,25.0,16.6,105.3,33.9,233.9,"Rain, Partially cloudy",1005.5,2025-07-04T05:19:54,2025-07-04T18:42:14
2025-07-05,30.7,74.8,1.5,20.83,20.5,100.0,20.6,263.1,"Rain, Partially cloudy",1003.7,2025-07-05T05:20:14,2025-07-05T18:42:14
2025-07-06,29.8,78.1,0.8,8.33,13.0,126.6,28.7,273.3,"Rain, Partially cloudy",1003.4,2025-07-06T05:20:35,2025-07-06T18:42:13
2025-07-07,30.4,76.7,2.1,16.67,13.0,101.6,34.0,264.7,"Rain, Partially cloudy",1002.6,2025-07-07T05:20:57,2025-07-07T18:42:11
2025-07-08,31.5,76.3,0.2,8.33,11.2,73.4,19.3,263.2,Rain,1000.7,2025-07-08T05:21:18,2025-07-08T18:42:07
2025-07-09,32.5,74.6,0.0,0.0,16.6,63.5,27.1,265.9,Partially cloudy,998.9,2025-07-09T05:21:40,2025-07-09T18:42:03
2025-07-10,29.8,78.4,4.913,4.17,33.5,317.1,60.8,201.4,"Rain, Partially cloudy",998.3,2025-07-10T05:22:03,2025-07-10T18:41:58
2025-07-11,27.6,87.6,4.767,4.17,18.4,316.5,73.0,139.0,"Rain, Partially cloudy",1000.0,2025-07-11T05:22:25,2025-07-11T18:41:51
2025-07-12,27.9,86.0,8.565,4.17,13.0,327.7,74.6,151.8,"Rain, Partially cloudy",1004.0,2025-07-12T05:22:48,2025-07-12T18:41:43
2025-07-13,29.6,81.4,2.834,4.17,20.5,334.7,70.8,169.2,"Rain, Partially cloudy",1005.2,2025-07-13T05:23:11,2025-07-13T18:41:35
2025-07-14,29.4,85.6,0.983,4.17,16.6,49.6,53.8,127.8,"Rain, Partially cloudy",1004.0,2025-07-14T05:23:34,2025-07-14T18:41:25
2025-07-15,29.8,83.0,0.115,8.33,16.6,111.0,60.7,132.5,"Rain, Partially cloudy",1002.1,2025-07-15T05:23:57,2025-07-15T18:41:14
2025-07-16,30.6,82.6,0.035,4.17,16.6,104.5,62.3,169.3,"Rain, Partially cloudy",1002.0,2025-07-16T05:24:20,2025-07-16T18:41:02
2025-07-17,32.2,72.2,0.0,0.0,14.8,65.0,35.0,255.2,Partially cloudy,1002.4,2025-07-17T05:24:44,2025-07-17T18:40:48
2025-07-18,32.6,72.3,0.0,0.0,11.2,300.2,30.2,290.7,Partially cloudy,1000.1,2025-07-18T05:25:07,2025-07-18T18:40:34
2025-07-19,30.4,81.3,21.415,4.17,14.8,321.4,33.2,198.8,"Rain, Partially cloudy",997.5,2025-07-19T05:25:31,2025-07-19T18:40:18
2025-07-20,28.6,85.2,3.018,12.5,14.8,299.4,42.6,127.8,"Rain, Partially cloudy",996.3,2025-07-20T05:25:55,2025-07-20T18:40:02
2025-07-21,27.8,91.1,17.803,20.83,27.7,279.3,70.7,43.1,"Rain, Partially cloudy",993.8,2025-07-21T05:26:18,2025-07-21T18:39:44
2025-07-22,27.6,87.4,30.175,25.0,35.3,19.7,96.2,64.4,"Rain, Overcast",991.4,2025-07-22T05:26:42,2025-07-22T18:39:25
2025-07-23,27.3,90.7,15.917,4.17,16.6,64.2,81.1,152.6,"Rain, Partially cloudy",998.4,2025-07-23T05:27:05,2025-07-23T18:39:05
2025-07-24,28.4,86.8,39.698,8.33,18.4,74.1,73.7,132.5,"Rain, Partially cloudy",1001.4,2025-07-24T05:27:29,2025-07-24T18:38:44
2025-07-25,28.2,87.3,3.603,8.33,14.8,340.9,47.3,143.4,"Rain, Partially cloudy",1001.7,2025-07-25T05:27:52,2025-07-25T18:38:22
2025-07-26,28.9,82.1,86.673,8.33,18.4,279.7,41.0,211.4,"Rain, Partially cloudy",1001.3,2025-07-26T05:28:16,2025-07-26T18:37:58
2025-07-27,29.8,78.6,3.348,8.33,11.2,264.9,40.3,222.9,"Rain, Partially cloudy",1001.0,2025-07-27T05:28:39,2025-07-27T18:37:34
2025-07-28,31.1,77.0,0.4,4.17,11.2,311.4,20.6,281.3,"Rain, Partially cloudy",999.2,2025-07-28T05:29:02,2025-07-28T18:37:08
2025-07-29,32.5,73.9,0.0,0.0,11.2,50.7,28.1,286.3,Partially cloudy,997.3,2025-07-29T05:29:25,2025-07-29T18:36:42
2025-07-30,31.9,79.1,0.0,0.0,24.1,67.0,38.3,268.6,Partially cloudy,997.4,2025-07-30T05:29:48,2025-07-30T18:36:14
2025-07-31,30.3,79.4,9.898,8.33,20.5,153.4,52.7,190.6,"Rain, Partially cloudy",998.2,2025-07-31T05:30:11,2025-07-31T18:35:45
2025-08-01,29.2,81.6,2.555,4.17,25.9,305.3,52.3,122.9,"Rain, Partially cloudy",998.9,2025-08-01T05:30:33,2025-08-01T18:35:16
2025-08-02,31.7,73.8,0.1,4.17,13.0,144.4,17.6,244.3,Rain,1000.3,2025-08-02T05:30:55,2025-08-02T18:34:45
2025-08-03,33.5,68.6,0.0,0.0,13.0,215.8,19.7,294.4,Clear,999.6,2025-08-03T05:31:17,2025-08-03T18:34:13
2025-08-04,34.4,60.9,0.0,0.0,16.6,247.0,21.6,273.9,Partially cloudy,999.2,2025-08-04T05:31:39,2025-08-04T18:33:41
2025-08-05,31.1,76.8,0.385,4.17,18.4,20.1,45.0,160.9,"Rain, Partially cloudy",1001.1,2025-08-05T05:32:01,2025-08-05T18:33:07
2025-08-06,27.3,93.3,21.65,8.33,31.7,97.4,76.1,127.8,"Rain, Partially cloudy",1003.7,2025-08-06T05:32:23,2025-08-06T18:32:32
2025-08-07,27.5,87.9,43.133,4.17,13.0,92.3,36.5,205.2,"Rain, Partially cloudy",1006.2,2025-08-07T05:32:44,2025-08-07T18:31:56
2025-08-08,31.4,76.4,0.2,4.17,20.5,148.0,28.9,273.7,"Rain, Partially cloudy",1006.1,2025-08-08T05:33:05,2025-08-08T18:31:20
2025-08-09,32.0,73.5,0.0,0.0,24.1,126.3,21.5,282.1,Partially cloudy,1005.0,2025-08-09T05:33:26,2025-08-09T18:30:42
2025-08-10,29.0,87.5,2.074,8.33,20.5,102.0,56.1,272.7,"Rain, Partially cloudy",1004.9,2025-08-10T05:33:46,2025-08-10T18:30:04
2025-08-11,30.6,81.6,0.098,4.17,14.8,92.8,44.5,245.7,"Rain, Partially cloudy",1004.6,2025-08-11T05:34:07,2025-08-11T18:29:25
2025-08-12,31.0,79.4,0.035,4.17,20.5,115.5,39.2,233.7,"Rain, Partially cloudy",1005.1,2025-08-12T05:34:27,2025-08-12T18:28:44
2025-08-13,30.6,82.0,1.902,8.33,13.0,128.7,32.9,196.4,"Rain, Partially cloudy",1005.8,2025-08-13T05:34:46,2025-08-13T18:28:03
2025-08-14,29.7,83.7,19.356,4.17,14.8,35.7,38.6,199.8,"Rain, Partially cloudy",1004.0,2025-08-14T05:35:06,2025-08-14T18:27:22
2025-08-15,27.2,88.1,15.519,12.5,16.6,61.5,66.2,71.8,"Rain, Partially cloudy",1005.1,2025-08-15T05:35:25,2025-08-15T18:26:39
2025-08-16,26.7,88.7,17.607,12.5,14.8,54.9,54.3,95.2,"Rain, Partially cloudy",1007.7,2025-08-16T05:35:44,2025-08-16T18:25:55
2025-08-17,27.6,85.5,16.4,12.5,16.6,308.9,44.0,139.6,"Rain, Partially cloudy",1007.9,2025-08-17T05:36:03,2025-08-17T18:25:11
2025-08-18,27.2,87.2,25.449,8.33,14.8,325.6,49.1,92.2,"Rain, Partially cloudy",1006.1,2025-08-18T05:36:22,2025-08-18T18:24:26
2025-08-19,27.1,90.0,12.94,16.67,14.8,239.9,77.6,50.8,"Rain, Partially cloudy",1005.6,2025-08-19T05:36:40,2025-08-19T18:23:40
2025-08-20,29.1,85.9,3.242,4.17,18.4,143.3,72.4,178.2,"Rain, Partially cloudy",1006.6,2025-08-20T05:36:58,2025-08-20T18:22:54
2025-08-21,27.8,91.8,1.944,8.33,22.3,86.7,65.2,128.1,"Rain, Partially cloudy",1008.0,2025-08-21T05:37:16,2025-08-21T18:22:07
2025-08-22,29.5,82.2,3.7,29.17,22.3,127.4,48.7,132.0,"Rain, Partially cloudy",1008.0,2025-08-22T05:37:33,2025-08-22T18:21:19
2025-08-23,29.2,82.3,1.279,8.33,16.6,62.0,42.1,182.4,"Rain, Partially cloudy",1008.1,2025-08-23T05:37:50,2025-08-23T18:20:31
2025-08-24,27.1,87.6,0.926,8.33,18.4,312.9,39.1,216.1,"Rain, Partially cloudy",1007.2,2025-08-24T05:38:07,2025-08-24T18:19:42
2025-08-25,25.9,89.9,40.2,91.67,24.1,3.5,59.5,64.8,"Rain, Partially cloudy",1005.6,2025-08-25T05:38:24,2025-08-25T18:18:52
2025-08-26,25.3,96.1,66.3,100.0,24.1,55.8,93.7,39.2,"Rain, Overcast",1007.0,2025-08-26T05:38:41,2025-08-26T18:18:02
2025-08-27,26.1,91.8,13.8,79.17,14.8,75.0,68.9,45.5,"Rain, Partially cloudy",1008.0,2025-08-27T05:38:57,2025-08-27T18:17:11
2025-08-28,28.3,81.9,16.7,62.5,14.8,74.7,50.8,180.4,"Rain, Partially cloudy",1007.7,2025-08-28T05:39:14,2025-08-28T18:16:20
2025-08-29,27.2,88.7,9.0,75.0,22.3,340.6,44.4,180.4,"Rain, Partially cloudy",1008.9,2025-08-29T05:39:30,2025-08-29T18:15:28
2025-08-30,27.5,87.0,18.8,100.0,18.4,354.8,73.6,97.3,"Rain, Partially cloudy",1007.8,2025-08-30T05:39:45,2025-08-30T18:14:35
2025-08-31,27.9,85.6,23.3,83.33,20.5,13.6,73.6,85.5,"Rain, Partially cloudy",1008.3,2025-08-31T05:40:01,2025-08-31T18:13:43
2025-09-01,28.0,87.2,2.7,50.0,13.0,322.9,66.7,164.8,"Rain, Partially cloudy",1007.1,2025-09-01T05:40:16,2025-09-01T18:12:49
2025-09-02,28.6,85.2,3.9,37.5,18.4,111.9,58.4,233.0,"Rain, Partially cloudy",1007.1,2025-09-02T05:40:32,2025-09-02T18:11:56
2025-09-03,30.1,78.3,0.1,4.17,14.8,129.4,33.0,249.3,"Rain, Partially cloudy",1007.2,2025-09-03T05:40:47,2025-09-03T18:11:02
2025-09-04,30.6,74.4,0.1,4.17,13.0,127.1,12.9,265.7,Rain,1006.8,2025-09-04T05:41:02,2025-09-04T18:10:07
2025-09-05,30.8,75.7,0.0,0.0,16.6,115.6,18.3,272.3,Clear,1006.9,2025-09-05T05:41:17,2025-09-05T18:09:13
2025-09-06,31.0,75.6,0.5,4.17,14.8,112.0,20.0,237.1,Rain,1007.5,2025-09-06T05:41:31,2025-09-06T18:08:17
2025-09-07,31.0,72.7,0.2,8.33,7.6,344.4,14.1,252.3,Rain,1006.0,2025-09-07T05:41:46,2025-09-07T18:07:22
2025-09-08,31.2,75.4,0.0,0.0,16.6,16.0,20.1,257.3,Partially cloudy,1004.6,2025-09-08T05:42:01,2025-09-08T18:06:26
2025-09-09,27.6,88.3,4.2,41.67,31.7,59.0,52.9,106.4,"Rain, Partially cloudy",1006.7,2025-09-09T05:42:15,2025-09-09T18:05:30
2025-09-10,28.7,81.8,5.9,37.5,16.6,109.7,73.0,170.7,"Rain, Partially cloudy",1007.9,2025-09-10T05:42:30,2025-09-10T18:04:34
2025-09-11,28.9,84.3,16.7,79.17,18.4,120.2,55.2,148.4,"Rain, Partially cloudy",1008.5,2025-09-11T05:42:44,2025-09-11T18:03:38
2025-09-12,29.2,82.6,8.0,50.0,24.1,122.8,50.0,176.5,"Rain, Partially cloudy",1009.3,2025-09-12T05:42:58,2025-09-12T18:02:41
2025-09-13,29.8,78.3,2.2,41.67,20.5,119.3,38.5,233.3,"Rain, Partially cloudy",1010.2,2025-09-13T05:43:12,2025-09-13T18:01:44
2025-09-14,30.0,77.3,0.6,20.83,14.8,105.6,37.1,220.9,"Rain, Partially cloudy",1010.1,2025-09-14T05:43:27,2025-09-14T18:00:48
2025-09-15,28.9,82.4,9.7,41.67,20.5,119.9,39.8,181.1,"Rain, Partially cloudy",1010.5,2025-09-15T05:43:41,2025-09-15T17:59:51
2025-09-16,29.6,76.6,6.8,66.67,18.4,102.1,29.5,209.4,"Rain, Partially cloudy",1010.4,2025-09-16T05:43:55,2025-09-16T17:58:54
2025-09-17,27.3,87.3,5.7,54.17,11.2,32.0,40.9,179.8,"Rain, Partially cloudy",1009.4,2025-09-17T05:44:10,2025-09-17T17:57:56
2025-09-18,28.1,84.5,6.5,70.83,20.5,330.7,54.3,159.5,"Rain, Partially cloudy",1009.0,2025-09-18T05:44:24,2025-09-18T17:56:59
2025-09-19,29.4,78.6,1.8,45.83,14.8,226.7,32.3,185.9,"Rain, Partially cloudy",1008.6,2025-09-19T05:44:38,2025-09-19T17:56:02
2025-09-20,30.7,72.6,0.0,0.0,11.2,251.3,12.7,244.6,Clear,1006.8,2025-09-20T05:44:53,2025-09-20T17:55:05
2025-09-21,29.3,82.0,6.2,37.5,13.0,64.9,22.8,200.1,"Rain, Partially cloudy",1005.8,2025-09-21T05:45:07,2025-09-21T17:54:08
2025-09-22,27.7,85.3,3.1,45.83,18.4,62.2,52.1,135.0,"Rain, Partially cloudy",1007.3,2025-09-22T05:45:22,2025-09-22T17:53:11
2025-09-23,29.3,76.1,0.8,20.83,14.8,350.1,35.7,216.7,"Rain, Partially cloudy",1005.7,2025-09-23T05:45:37,2025-09-23T17:52:14
2025-09-24,30.0,70.0,0.1,4.17,20.5,325.0,19.4,239.3,Rain,1002.9,2025-09-24T05:45:51,2025-09-24T17:51:17
2025-09-25,26.1,84.8,17.5,41.67,18.4,302.6,78.8,30.8,"Rain, Partially cloudy",1003.3,2025-09-25T05:46:06,2025-09-25T17:50:20
2025-09-26,25.8,90.8,17.4,83.33,11.2,316.3,96.9,52.5,"Rain, Overcast",1010.7,2025-09-26T05:46:22,2025-09-26T17:49:24
2025-09-27,29.0,78.5,15.1,87.5,14.8,7.9,52.7,157.0,"Rain, Partially cloudy",1012.0,2025-09-27T05:46:37,2025-09-27T17:48:27
2025-09-28,27.2,85.9,28.4,100.0,18.4,355.7,65.4,94.0,"Rain, Partially cloudy",1009.2,2025-09-28T05:46:52,2025-09-28T17:47:31
2025-09-29,26.1,90.6,116.6,100.0,33.5,67.7,79.5,16.6,"Rain, Partially cloudy",1005.8,2025-09-29T05:47:08,2025-09-29T17:46:35
2025-09-30,25.2,96.6,70.2,100.0,25.9,114.3,94.1,52.0,"Rain, Overcast",1010.0,2025-09-30T05:47:24,2025-09-30T17:45:40
2025-10-01,26.7,90.8,15.3,79.17,13.0,116.0,85.6,139.8,"Rain, Partially cloudy",1011.1,2025-10-01T05:47:40,2025-10-01T17:44:44
